{
  "data": [
    {
      "colorscale": [
        [
          0,
          "blue"
        ],
        [
          0.5,
          "white"
        ],
        [
          1,
          "red"
        ]
      ],
      "showscale": false,
      "type": "heatmap",
      "xaxis": "x",
      "yaxis": "y",
      "z": [
        [
          1.0,
          0.4691712260246277,
          0.48783549666404724,
          0.5112067461013794,
          0.2861201763153076,
          0.31906893849372864,
          0.4934721887111664,
          0.5096930265426636
        ],
        [
          0.4691712260246277,
          0.9999998211860657,
          0.1666666567325592,
          0.5660215020179749,
          0.3136259615421295,
          0.6264111995697021,
          0.32044366002082825,
          0.31734415888786316
        ],
        [
          0.48783549666404724,
          0.1666666567325592,
          1.0,
          0.03316473215818405,
          0.35752612352371216,
          0.0,
          0.5806134939193726,
          0.1666666567325592
        ],
        [
          0.5112067461013794,
          0.5660215020179749,
          0.03316473215818405,
          1.0,
          0.6001606583595276,
          0.38769516348838806,
          0.29681283235549927,
          0.3069031536579132
        ],
        [
          0.2861201763153076,
          0.3136259615421295,
          0.35752612352371216,
          0.6001606583595276,
          0.9999998807907104,
          0.4960755705833435,
          0.04330435022711754,
          0.4213663637638092
        ],
        [
          0.31906893849372864,
          0.6264111995697021,
          0.0,
          0.38769516348838806,
          0.4960755705833435,
          0.9999998807907104,
          0.1720341295003891,
          0.3092503845691681
        ],
        [
          0.4934721887111664,
          0.32044366002082825,
          0.5806134939193726,
          0.29681283235549927,
          0.04330435022711754,
          0.1720341295003891,
          1.0,
          0.37490174174308777
        ],
        [
          0.5096930265426636,
          0.31734415888786316,
          0.1666666567325592,
          0.3069031536579132,
          0.4213663637638092,
          0.3092503845691681,
          0.37490174174308777,
          1.0
        ]
      ],
      "zmax": 1.0,
      "zmin": -0.2
    },
    {
      "colorscale": [
        [
          0,
          "blue"
        ],
        [
          0.5,
          "white"
        ],
        [
          1,
          "red"
        ]
      ],
      "showscale": false,
      "type": "heatmap",
      "xaxis": "x2",
      "yaxis": "y2",
      "z": [
        [
          0.0,
          0.4884130656719208,
          0.4963386356830597,
          0.29451805353164673,
          0.2914452850818634,
          0.32052773237228394,
          0.45347195863723755,
          0.5001800060272217
        ],
        [
          0.2941313683986664,
          0.3551703095436096,
          0.3629247844219208,
          0.3940505087375641,
          0.31838393211364746,
          0.40483441948890686,
          0.300775408744812,
          0.4971894323825836
        ],
        [
          0.4250740706920624,
          0.4651426076889038,
          0.49774405360221863,
          0.4955347776412964,
          0.4174501895904541,
          0.39383965730667114,
          0.49098920822143555,
          0.28807252645492554
        ],
        [
          0.4533980190753937,
          0.5803923010826111,
          0.5852408409118652,
          0.7032134532928467,
          0.5006647109985352,
          0.6591954231262207,
          0.4817236363887787,
          0.534858226776123
        ],
        [
          0.1666666567325592,
          0.1666666567325592,
          0.03636127710342407,
          0.1666666567325592,
          0.6427892446517944,
          0.35046154260635376,
          0.31527164578437805,
          0.1666666567325592
        ],
        [
          0.1666666567325592,
          0.02433432824909687,
          0.3511972725391388,
          0.5438048839569092,
          0.5363747477531433,
          0.33724018931388855,
          0.04660126939415932,
          0.3065904676914215
        ],
        [
          0.3861139118671417,
          0.477816641330719,
          0.5448700785636902,
          0.1666666567325592,
          0.46205657720565796,
          0.31258025765419006,
          0.2965717911720276,
          0.4329858422279358
        ],
        [
          0.6331164836883545,
          0.45614564418792725,
          0.5550351738929749,
          0.0,
          0.1666666567325592,
          0.5133418440818787,
          0.6268569231033325,
          0.5296171307563782
        ]
      ],
      "zmax": 1.0,
      "zmin": -0.2
    },
    {
      "colorscale": [
        [
          0,
          "blue"
        ],
        [
          0.5,
          "white"
        ],
        [
          1,
          "red"
        ]
      ],
      "showscale": false,
      "type": "heatmap",
      "xaxis": "x3",
      "yaxis": "y3",
      "z": [
        [
          0.9999998807907104,
          0.602864146232605,
          0.6473894119262695,
          0.33222970366477966,
          0.31968170404434204,
          0.5996715426445007,
          0.7421610355377197,
          0.5640357732772827
        ],
        [
          0.602864146232605,
          0.9999998807907104,
          0.6380354166030884,
          0.7594130635261536,
          0.6066781282424927,
          0.6655311584472656,
          0.7115033268928528,
          0.6974763870239258
        ],
        [
          0.6473894119262695,
          0.6380354166030884,
          0.9999998807907104,
          0.629011332988739,
          0.3003857433795929,
          0.6537047028541565,
          0.7242711782455444,
          0.6419438123703003
        ],
        [
          0.33222970366477966,
          0.7594130635261536,
          0.629011332988739,
          1.0,
          0.3306104242801666,
          0.7153454422950745,
          0.5969532132148743,
          0.6768892407417297
        ],
        [
          0.31968170404434204,
          0.6066781282424927,
          0.3003857433795929,
          0.3306104242801666,
          1.0,
          0.5373087525367737,
          0.5237557291984558,
          0.516769289970398
        ],
        [
          0.5996715426445007,
          0.6655311584472656,
          0.6537047028541565,
          0.7153454422950745,
          0.5373087525367737,
          1.0,
          0.6652873754501343,
          0.6755375862121582
        ],
        [
          0.7421610355377197,
          0.7115033268928528,
          0.7242711782455444,
          0.5969532132148743,
          0.5237557291984558,
          0.6652873754501343,
          0.9999998807907104,
          0.663486897945404
        ],
        [
          0.5640357732772827,
          0.6974763870239258,
          0.6419438123703003,
          0.6768892407417297,
          0.516769289970398,
          0.6755375862121582,
          0.663486897945404,
          0.9999998807907104
        ]
      ],
      "zmax": 1.0,
      "zmin": -0.2
    }
  ],
  "layout": {
    "annotations": [
      {
        "font": {
          "size": 16
        },
        "showarrow": false,
        "text": "REF_REF",
        "x": 0.15,
        "xanchor": "center",
        "xref": "paper",
        "y": 1.0,
        "yanchor": "bottom",
        "yref": "paper"
      },
      {
        "font": {
          "size": 16
        },
        "showarrow": false,
        "text": "VAR_REF",
        "x": 0.49999999999999994,
        "xanchor": "center",
        "xref": "paper",
        "y": 1.0,
        "yanchor": "bottom",
        "yref": "paper"
      },
      {
        "font": {
          "size": 16
        },
        "showarrow": false,
        "text": "VAR_VAR",
        "x": 0.85,
        "xanchor": "center",
        "xref": "paper",
        "y": 1.0,
        "yanchor": "bottom",
        "yref": "paper"
      }
    ],
    "height": 340,
    "template": {
      "data": {
        "bar": [
          {
            "error_x": {
              "color": "#2a3f5f"
            },
            "error_y": {
              "color": "#2a3f5f"
            },
            "marker": {
              "line": {
                "color": "#E5ECF6",
                "width": 0.5
              },
              "pattern": {
                "fillmode": "overlay",
                "size": 10,
                "solidity": 0.2
              }
            },
            "type": "bar"
          }
        ],
        "barpolar": [
          {
            "marker": {
              "line": {
                "color": "#E5ECF6",
                "width": 0.5
              },
              "pattern": {
                "fillmode": "overlay",
                "size": 10,
                "solidity": 0.2
              }
            },
            "type": "barpolar"
          }
        ],
        "carpet": [
          {
            "aaxis": {
              "endlinecolor": "#2a3f5f",
              "gridcolor": "white",
              "linecolor": "white",
              "minorgridcolor": "white",
              "startlinecolor": "#2a3f5f"
            },
            "baxis": {
              "endlinecolor": "#2a3f5f",
              "gridcolor": "white",
              "linecolor": "white",
              "minorgridcolor": "white",
              "startlinecolor": "#2a3f5f"
            },
            "type": "carpet"
          }
        ],
        "choropleth": [
          {
            "colorbar": {
              "outlinewidth": 0,
              "ticks": ""
            },
            "type": "choropleth"
          }
        ],
        "contour": [
          {
            "colorbar": {
              "outlinewidth": 0,
              "ticks": ""
            },
            "colorscale": [
              [
                0.0,
                "#0d0887"
              ],
              [
                0.1111111111111111,
                "#46039f"
              ],
              [
                0.2222222222222222,
                "#7201a8"
              ],
              [
                0.3333333333333333,
                "#9c179e"
              ],
              [
                0.4444444444444444,
                "#bd3786"
              ],
              [
                0.5555555555555556,
                "#d8576b"
              ],
              [
                0.6666666666666666,
                "#ed7953"
              ],
              [
                0.7777777777777778,
                "#fb9f3a"
              ],
              [
                0.8888888888888888,
                "#fdca26"
              ],
              [
                1.0,
                "#f0f921"
              ]
            ],
            "type": "contour"
          }
        ],
        "contourcarpet": [
          {
            "colorbar": {
              "outlinewidth": 0,
              "ticks": ""
            },
            "type": "contourcarpet"
          }
        ],
        "heatmap": [
          {
            "colorbar": {
              "outlinewidth": 0,
              "ticks": ""
            },
            "colorscale": [
              [
                0.0,
                "#0d0887"
              ],
              [
                0.1111111111111111,
                "#46039f"
              ],
              [
                0.2222222222222222,
                "#7201a8"
              ],
              [
                0.3333333333333333,
                "#9c179e"
              ],
              [
                0.4444444444444444,
                "#bd3786"
              ],
              [
                0.5555555555555556,
                "#d8576b"
              ],
              [
                0.6666666666666666,
                "#ed7953"
              ],
              [
                0.7777777777777778,
                "#fb9f3a"
              ],
              [
                0.8888888888888888,
                "#fdca26"
              ],
              [
                1.0,
                "#f0f921"
              ]
            ],
            "type": "heatmap"
          }
        ],
        "heatmapgl": [
          {
            "colorbar": {
              "outlinewidth": 0,
              "ticks": ""
            },
            "colorscale": [
              [
                0.0,
                "#0d0887"
              ],
              [
                0.1111111111111111,
                "#46039f"
              ],
              [
                0.2222222222222222,
                "#7201a8"
              ],
              [
                0.3333333333333333,
                "#9c179e"
              ],
              [
                0.4444444444444444,
                "#bd3786"
              ],
              [
                0.5555555555555556,
                "#d8576b"
              ],
              [
                0.6666666666666666,
                "#ed7953"
              ],
              [
                0.7777777777777778,
                "#fb9f3a"
              ],
              [
                0.8888888888888888,
                "#fdca26"
              ],
              [
                1.0,
                "#f0f921"
              ]
            ],
            "type": "heatmapgl"
          }
        ],
        "histogram": [
          {
            "marker": {
              "pattern": {
                "fillmode": "overlay",
                "size": 10,
                "solidity": 0.2
              }
            },
            "type": "histogram"
          }
        ],
        "histogram2d": [
          {
            "colorbar": {
              "outlinewidth": 0,
              "ticks": ""
            },
            "colorscale": [
              [
                0.0,
                "#0d0887"
              ],
              [
                0.1111111111111111,
                "#46039f"
              ],
              [
                0.2222222222222222,
                "#7201a8"
              ],
              [
                0.3333333333333333,
                "#9c179e"
              ],
              [
                0.4444444444444444,
                "#bd3786"
              ],
              [
                0.5555555555555556,
                "#d8576b"
              ],
              [
                0.6666666666666666,
                "#ed7953"
              ],
              [
                0.7777777777777778,
                "#fb9f3a"
              ],
              [
                0.8888888888888888,
                "#fdca26"
              ],
              [
                1.0,
                "#f0f921"
              ]
            ],
            "type": "histogram2d"
          }
        ],
        "histogram2dcontour": [
          {
            "colorbar": {
              "outlinewidth": 0,
              "ticks": ""
            },
            "colorscale": [
              [
                0.0,
                "#0d0887"
              ],
              [
                0.1111111111111111,
                "#46039f"
              ],
              [
                0.2222222222222222,
                "#7201a8"
              ],
              [
                0.3333333333333333,
                "#9c179e"
              ],
              [
                0.4444444444444444,
                "#bd3786"
              ],
              [
                0.5555555555555556,
                "#d8576b"
              ],
              [
                0.6666666666666666,
                "#ed7953"
              ],
              [
                0.7777777777777778,
                "#fb9f3a"
              ],
              [
                0.8888888888888888,
                "#fdca26"
              ],
              [
                1.0,
                "#f0f921"
              ]
            ],
            "type": "histogram2dcontour"
          }
        ],
        "mesh3d": [
          {
            "colorbar": {
              "outlinewidth": 0,
              "ticks": ""
            },
            "type": "mesh3d"
          }
        ],
        "parcoords": [
          {
            "line": {
              "colorbar": {
                "outlinewidth": 0,
                "ticks": ""
              }
            },
            "type": "parcoords"
          }
        ],
        "pie": [
          {
            "automargin": true,
            "type": "pie"
          }
        ],
        "scatter": [
          {
            "marker": {
              "colorbar": {
                "outlinewidth": 0,
                "ticks": ""
              }
            },
            "type": "scatter"
          }
        ],
        "scatter3d": [
          {
            "line": {
              "colorbar": {
                "outlinewidth": 0,
                "ticks": ""
              }
            },
            "marker": {
              "colorbar": {
                "outlinewidth": 0,
                "ticks": ""
              }
            },
            "type": "scatter3d"
          }
        ],
        "scattercarpet": [
          {
            "marker": {
              "colorbar": {
                "outlinewidth": 0,
                "ticks": ""
              }
            },
            "type": "scattercarpet"
          }
        ],
        "scattergeo": [
          {
            "marker": {
              "colorbar": {
                "outlinewidth": 0,
                "ticks": ""
              }
            },
            "type": "scattergeo"
          }
        ],
        "scattergl": [
          {
            "marker": {
              "colorbar": {
                "outlinewidth": 0,
                "ticks": ""
              }
            },
            "type": "scattergl"
          }
        ],
        "scattermapbox": [
          {
            "marker": {
              "colorbar": {
                "outlinewidth": 0,
                "ticks": ""
              }
            },
            "type": "scattermapbox"
          }
        ],
        "scatterpolar": [
          {
            "marker": {
              "colorbar": {
                "outlinewidth": 0,
                "ticks": ""
              }
            },
            "type": "scatterpolar"
          }
        ],
        "scatterpolargl": [
          {
            "marker": {
              "colorbar": {
                "outlinewidth": 0,
                "ticks": ""
              }
            },
            "type": "scatterpolargl"
          }
        ],
        "scatterternary": [
          {
            "marker": {
              "colorbar": {
                "outlinewidth": 0,
                "ticks": ""
              }
            },
            "type": "scatterternary"
          }
        ],
        "surface": [
          {
            "colorbar": {
              "outlinewidth": 0,
              "ticks": ""
            },
            "colorscale": [
              [
                0.0,
                "#0d0887"
              ],
              [
                0.1111111111111111,
                "#46039f"
              ],
              [
                0.2222222222222222,
                "#7201a8"
              ],
              [
                0.3333333333333333,
                "#9c179e"
              ],
              [
                0.4444444444444444,
                "#bd3786"
              ],
              [
                0.5555555555555556,
                "#d8576b"
              ],
              [
                0.6666666666666666,
                "#ed7953"
              ],
              [
                0.7777777777777778,
                "#fb9f3a"
              ],
              [
                0.8888888888888888,
                "#fdca26"
              ],
              [
                1.0,
                "#f0f921"
              ]
            ],
            "type": "surface"
          }
        ],
        "table": [
          {
            "cells": {
              "fill": {
                "color": "#EBF0F8"
              },
              "line": {
                "color": "white"
              }
            },
            "header": {
              "fill": {
                "color": "#C8D4E3"
              },
              "line": {
                "color": "white"
              }
            },
            "type": "table"
          }
        ]
      },
      "layout": {
        "annotationdefaults": {
          "arrowcolor": "#2a3f5f",
          "arrowhead": 0,
          "arrowwidth": 1
        },
        "autotypenumbers": "strict",
        "coloraxis": {
          "colorbar": {
            "outlinewidth": 0,
            "ticks": ""
          }
        },
        "colorscale": {
          "diverging": [
            [
              0,
              "#8e0152"
            ],
            [
              0.1,
              "#c51b7d"
            ],
            [
              0.2,
              "#de77ae"
            ],
            [
              0.3,
              "#f1b6da"
            ],
            [
              0.4,
              "#fde0ef"
            ],
            [
              0.5,
              "#f7f7f7"
            ],
            [
              0.6,
              "#e6f5d0"
            ],
            [
              0.7,
              "#b8e186"
            ],
            [
              0.8,
              "#7fbc41"
            ],
            [
              0.9,
              "#4d9221"
            ],
            [
              1,
              "#276419"
            ]
          ],
          "sequential": [
            [
              0.0,
              "#0d0887"
            ],
            [
              0.1111111111111111,
              "#46039f"
            ],
            [
              0.2222222222222222,
              "#7201a8"
            ],
            [
              0.3333333333333333,
              "#9c179e"
            ],
            [
              0.4444444444444444,
              "#bd3786"
            ],
            [
              0.5555555555555556,
              "#d8576b"
            ],
            [
              0.6666666666666666,
              "#ed7953"
            ],
            [
              0.7777777777777778,
              "#fb9f3a"
            ],
            [
              0.8888888888888888,
              "#fdca26"
            ],
            [
              1.0,
              "#f0f921"
            ]
          ],
          "sequentialminus": [
            [
              0.0,
              "#0d0887"
            ],
            [
              0.1111111111111111,
              "#46039f"
            ],
            [
              0.2222222222222222,
              "#7201a8"
            ],
            [
              0.3333333333333333,
              "#9c179e"
            ],
            [
              0.4444444444444444,
              "#bd3786"
            ],
            [
              0.5555555555555556,
              "#d8576b"
            ],
            [
              0.6666666666666666,
              "#ed7953"
            ],
            [
              0.7777777777777778,
              "#fb9f3a"
            ],
            [
              0.8888888888888888,
              "#fdca26"
            ],
            [
              1.0,
              "#f0f921"
            ]
          ]
        },
        "colorway": [
          "#636efa",
          "#EF553B",
          "#00cc96",
          "#ab63fa",
          "#FFA15A",
          "#19d3f3",
          "#FF6692",
          "#B6E880",
          "#FF97FF",
          "#FECB52"
        ],
        "font": {
          "color": "#2a3f5f"
        },
        "geo": {
          "bgcolor": "white",
          "lakecolor": "white",
          "landcolor": "#E5ECF6",
          "showlakes": true,
          "showland": true,
          "subunitcolor": "white"
        },
        "hoverlabel": {
          "align": "left"
        },
        "hovermode": "closest",
        "mapbox": {
          "style": "light"
        },
        "paper_bgcolor": "white",
        "plot_bgcolor": "#E5ECF6",
        "polar": {
          "angularaxis": {
            "gridcolor": "white",
            "linecolor": "white",
            "ticks": ""
          },
          "bgcolor": "#E5ECF6",
          "radialaxis": {
            "gridcolor": "white",
            "linecolor": "white",
            "ticks": ""
          }
        },
        "scene": {
          "xaxis": {
            "backgroundcolor": "#E5ECF6",
            "gridcolor": "white",
            "gridwidth": 2,
            "linecolor": "white",
            "showbackground": true,
            "ticks": "",
            "zerolinecolor": "white"
          },
          "yaxis": {
            "backgroundcolor": "#E5ECF6",
            "gridcolor": "white",
            "gridwidth": 2,
            "linecolor": "white",
            "showbackground": true,
            "ticks": "",
            "zerolinecolor": "white"
          },
          "zaxis": {
            "backgroundcolor": "#E5ECF6",
            "gridcolor": "white",
            "gridwidth": 2,
            "linecolor": "white",
            "showbackground": true,
            "ticks": "",
            "zerolinecolor": "white"
          }
        },
        "shapedefaults": {
          "line": {
            "color": "#2a3f5f"
          }
        },
        "ternary": {
          "aaxis": {
            "gridcolor": "white",
            "linecolor": "white",
            "ticks": ""
          },
          "baxis": {
            "gridcolor": "white",
            "linecolor": "white",
            "ticks": ""
          },
          "bgcolor": "#E5ECF6",
          "caxis": {
            "gridcolor": "white",
            "linecolor": "white",
            "ticks": ""
          }
        },
        "title": {
          "x": 0.05
        },
        "xaxis": {
          "automargin": true,
          "gridcolor": "white",
          "linecolor": "white",
          "ticks": "",
          "title": {
            "standoff": 15
          },
          "zerolinecolor": "white",
          "zerolinewidth": 2
        },
        "yaxis": {
          "automargin": true,
          "gridcolor": "white",
          "linecolor": "white",
          "ticks": "",
          "title": {
            "standoff": 15
          },
          "zerolinecolor": "white",
          "zerolinewidth": 2
        }
      }
    },
    "xaxis": {
      "anchor": "y",
      "domain": [
        0.0,
        0.3
      ],
      "showticklabels": false
    },
    "xaxis2": {
      "anchor": "y2",
      "domain": [
        0.35,
        0.6499999999999999
      ],
      "showticklabels": false
    },
    "xaxis3": {
      "anchor": "y3",
      "domain": [
        0.7,
        1.0
      ],
      "showticklabels": false
    },
    "yaxis": {
      "anchor": "x",
      "autorange": "reversed",
      "domain": [
        0.0,
        1.0
      ],
      "showticklabels": false
    },
    "yaxis2": {
      "anchor": "x2",
      "autorange": "reversed",
      "domain": [
        0.0,
        1.0
      ],
      "showticklabels": false
    },
    "yaxis3": {
      "anchor": "x3",
      "autorange": "reversed",
      "domain": [
        0.0,
        1.0
      ],
      "showticklabels": false
    }
  }
}