{
  "data": [
    {
      "colorscale": [
        [
          0,
          "blue"
        ],
        [
          0.5,
          "white"
        ],
        [
          1,
          "red"
        ]
      ],
      "showscale": false,
      "type": "heatmap",
      "xaxis": "x",
      "yaxis": "y",
      "z": [
        [
          1.0,
          0.558498203754425,
          0.5722063779830933,
          0.3241834044456482,
          0.1666666567325592,
          0.33027100563049316,
          0.6634742021560669,
          0.1666666567325592
        ],
        [
          0.558498203754425,
          0.9999998807907104,
          0.1666666567325592,
          0.6221436858177185,
          0.46789851784706116,
          0.3367461562156677,
          0.5840176939964294,
          0.5323520302772522
        ],
        [
          0.5722063779830933,
          0.1666666567325592,
          0.9999998807907104,
          0.5188230872154236,
          0.34516090154647827,
          0.49335741996765137,
          0.5854716897010803,
          0.328328013420105
        ],
        [
          0.3241834044456482,
          0.6221436858177185,
          0.5188230872154236,
          0.9999998807907104,
          0.6111307144165039,
          0.32819944620132446,
          0.574762225151062,
          0.28492236137390137
        ],
        [
          0.1666666567325592,
          0.46789851784706116,
          0.34516090154647827,
          0.6111307144165039,
          1.0,
          0.5455162525177002,
          0.5919021368026733,
          0.32889440655708313
        ],
        [
          0.33027100563049316,
          0.3367461562156677,
          0.49335741996765137,
          0.32819944620132446,
          0.5455162525177002,
          1.0,
          0.5013030767440796,
          0.45618075132369995
        ],
        [
          0.6634742021560669,
          0.5840176939964294,
          0.5854716897010803,
          0.574762225151062,
          0.5919021368026733,
          0.5013030767440796,
          1.0,
          0.32915323972702026
        ],
        [
          0.1666666567325592,
          0.5323520302772522,
          0.328328013420105,
          0.28492236137390137,
          0.32889440655708313,
          0.45618075132369995,
          0.32915323972702026,
          1.0
        ]
      ],
      "zmax": 1.0,
      "zmin": -0.2
    },
    {
      "colorscale": [
        [
          0,
          "blue"
        ],
        [
          0.5,
          "white"
        ],
        [
          1,
          "red"
        ]
      ],
      "showscale": false,
      "type": "heatmap",
      "xaxis": "x2",
      "yaxis": "y2",
      "z": [
        [
          0.051035914570093155,
          0.5983039736747742,
          0.6183841228485107,
          0.4940802752971649,
          0.5563764572143555,
          0.3322415351867676,
          0.33179983496665955,
          0.2808092534542084
        ],
        [
          0.3197401165962219,
          0.5120976567268372,
          0.1666666567325592,
          0.28713908791542053,
          0.1666666567325592,
          0.4864661693572998,
          0.47569525241851807,
          0.2930782735347748
        ],
        [
          0.1666666567325592,
          0.1666666567325592,
          0.4441564977169037,
          0.2589438855648041,
          0.4055655896663666,
          0.6136881709098816,
          0.011312402784824371,
          0.4974740445613861
        ],
        [
          0.1666666567325592,
          0.5126763582229614,
          0.1666666567325592,
          0.4945409595966339,
          0.5169296264648438,
          0.31128889322280884,
          0.3117789626121521,
          0.3635287582874298
        ],
        [
          0.2869837284088135,
          0.1666666567325592,
          0.6811250448226929,
          0.32153040170669556,
          0.2840598225593567,
          0.5326045155525208,
          0.5280819535255432,
          0.2848123610019684
        ],
        [
          0.2895600497722626,
          0.3569979965686798,
          0.6796556711196899,
          0.28902673721313477,
          0.5352944731712341,
          0.4875582158565521,
          0.5409382581710815,
          0.595869243144989
        ],
        [
          0.5893925428390503,
          0.5407281517982483,
          0.33365949988365173,
          0.47492626309394836,
          0.363148033618927,
          0.5060683488845825,
          0.27883002161979675,
          0.1666666567325592
        ],
        [
          0.1666666567325592,
          0.1666666567325592,
          0.49404409527778625,
          0.1666666567325592,
          0.23269125819206238,
          0.1666666567325592,
          0.1666666567325592,
          0.043127723038196564
        ]
      ],
      "zmax": 1.0,
      "zmin": -0.2
    },
    {
      "colorscale": [
        [
          0,
          "blue"
        ],
        [
          0.5,
          "white"
        ],
        [
          1,
          "red"
        ]
      ],
      "showscale": false,
      "type": "heatmap",
      "xaxis": "x3",
      "yaxis": "y3",
      "z": [
        [
          0.9999998807907104,
          0.5705690979957581,
          0.5203071236610413,
          0.5691539645195007,
          0.3283269703388214,
          0.4340180456638336,
          0.4838859438896179,
          0.4721907079219818
        ],
        [
          0.5705690979957581,
          1.0,
          0.6369949579238892,
          0.48514240980148315,
          0.561128556728363,
          0.18834666907787323,
          0.3546283543109894,
          0.3193857967853546
        ],
        [
          0.5203071236610413,
          0.6369949579238892,
          0.9999998807907104,
          0.32609835267066956,
          0.33752354979515076,
          0.5847066640853882,
          0.5937203168869019,
          0.3537874221801758
        ],
        [
          0.5691539645195007,
          0.48514240980148315,
          0.32609835267066956,
          1.0,
          0.3423154354095459,
          0.18600650131702423,
          0.4861685037612915,
          0.3018749952316284
        ],
        [
          0.3283269703388214,
          0.561128556728363,
          0.33752354979515076,
          0.3423154354095459,
          1.0,
          0.140519380569458,
          0.4942401647567749,
          0.4687606990337372
        ],
        [
          0.4340180456638336,
          0.18834666907787323,
          0.5847066640853882,
          0.18600650131702423,
          0.140519380569458,
          1.0,
          0.30050429701805115,
          0.2778679132461548
        ],
        [
          0.4838859438896179,
          0.3546283543109894,
          0.5937203168869019,
          0.4861685037612915,
          0.4942401647567749,
          0.30050429701805115,
          1.0,
          0.38645097613334656
        ],
        [
          0.4721907079219818,
          0.3193857967853546,
          0.3537874221801758,
          0.3018749952316284,
          0.4687606990337372,
          0.2778679132461548,
          0.38645097613334656,
          1.0
        ]
      ],
      "zmax": 1.0,
      "zmin": -0.2
    }
  ],
  "layout": {
    "annotations": [
      {
        "font": {
          "size": 16
        },
        "showarrow": false,
        "text": "REF_REF",
        "x": 0.15,
        "xanchor": "center",
        "xref": "paper",
        "y": 1.0,
        "yanchor": "bottom",
        "yref": "paper"
      },
      {
        "font": {
          "size": 16
        },
        "showarrow": false,
        "text": "VAR_REF",
        "x": 0.49999999999999994,
        "xanchor": "center",
        "xref": "paper",
        "y": 1.0,
        "yanchor": "bottom",
        "yref": "paper"
      },
      {
        "font": {
          "size": 16
        },
        "showarrow": false,
        "text": "VAR_VAR",
        "x": 0.85,
        "xanchor": "center",
        "xref": "paper",
        "y": 1.0,
        "yanchor": "bottom",
        "yref": "paper"
      }
    ],
    "height": 340,
    "template": {
      "data": {
        "bar": [
          {
            "error_x": {
              "color": "#2a3f5f"
            },
            "error_y": {
              "color": "#2a3f5f"
            },
            "marker": {
              "line": {
                "color": "#E5ECF6",
                "width": 0.5
              },
              "pattern": {
                "fillmode": "overlay",
                "size": 10,
                "solidity": 0.2
              }
            },
            "type": "bar"
          }
        ],
        "barpolar": [
          {
            "marker": {
              "line": {
                "color": "#E5ECF6",
                "width": 0.5
              },
              "pattern": {
                "fillmode": "overlay",
                "size": 10,
                "solidity": 0.2
              }
            },
            "type": "barpolar"
          }
        ],
        "carpet": [
          {
            "aaxis": {
              "endlinecolor": "#2a3f5f",
              "gridcolor": "white",
              "linecolor": "white",
              "minorgridcolor": "white",
              "startlinecolor": "#2a3f5f"
            },
            "baxis": {
              "endlinecolor": "#2a3f5f",
              "gridcolor": "white",
              "linecolor": "white",
              "minorgridcolor": "white",
              "startlinecolor": "#2a3f5f"
            },
            "type": "carpet"
          }
        ],
        "choropleth": [
          {
            "colorbar": {
              "outlinewidth": 0,
              "ticks": ""
            },
            "type": "choropleth"
          }
        ],
        "contour": [
          {
            "colorbar": {
              "outlinewidth": 0,
              "ticks": ""
            },
            "colorscale": [
              [
                0.0,
                "#0d0887"
              ],
              [
                0.1111111111111111,
                "#46039f"
              ],
              [
                0.2222222222222222,
                "#7201a8"
              ],
              [
                0.3333333333333333,
                "#9c179e"
              ],
              [
                0.4444444444444444,
                "#bd3786"
              ],
              [
                0.5555555555555556,
                "#d8576b"
              ],
              [
                0.6666666666666666,
                "#ed7953"
              ],
              [
                0.7777777777777778,
                "#fb9f3a"
              ],
              [
                0.8888888888888888,
                "#fdca26"
              ],
              [
                1.0,
                "#f0f921"
              ]
            ],
            "type": "contour"
          }
        ],
        "contourcarpet": [
          {
            "colorbar": {
              "outlinewidth": 0,
              "ticks": ""
            },
            "type": "contourcarpet"
          }
        ],
        "heatmap": [
          {
            "colorbar": {
              "outlinewidth": 0,
              "ticks": ""
            },
            "colorscale": [
              [
                0.0,
                "#0d0887"
              ],
              [
                0.1111111111111111,
                "#46039f"
              ],
              [
                0.2222222222222222,
                "#7201a8"
              ],
              [
                0.3333333333333333,
                "#9c179e"
              ],
              [
                0.4444444444444444,
                "#bd3786"
              ],
              [
                0.5555555555555556,
                "#d8576b"
              ],
              [
                0.6666666666666666,
                "#ed7953"
              ],
              [
                0.7777777777777778,
                "#fb9f3a"
              ],
              [
                0.8888888888888888,
                "#fdca26"
              ],
              [
                1.0,
                "#f0f921"
              ]
            ],
            "type": "heatmap"
          }
        ],
        "heatmapgl": [
          {
            "colorbar": {
              "outlinewidth": 0,
              "ticks": ""
            },
            "colorscale": [
              [
                0.0,
                "#0d0887"
              ],
              [
                0.1111111111111111,
                "#46039f"
              ],
              [
                0.2222222222222222,
                "#7201a8"
              ],
              [
                0.3333333333333333,
                "#9c179e"
              ],
              [
                0.4444444444444444,
                "#bd3786"
              ],
              [
                0.5555555555555556,
                "#d8576b"
              ],
              [
                0.6666666666666666,
                "#ed7953"
              ],
              [
                0.7777777777777778,
                "#fb9f3a"
              ],
              [
                0.8888888888888888,
                "#fdca26"
              ],
              [
                1.0,
                "#f0f921"
              ]
            ],
            "type": "heatmapgl"
          }
        ],
        "histogram": [
          {
            "marker": {
              "pattern": {
                "fillmode": "overlay",
                "size": 10,
                "solidity": 0.2
              }
            },
            "type": "histogram"
          }
        ],
        "histogram2d": [
          {
            "colorbar": {
              "outlinewidth": 0,
              "ticks": ""
            },
            "colorscale": [
              [
                0.0,
                "#0d0887"
              ],
              [
                0.1111111111111111,
                "#46039f"
              ],
              [
                0.2222222222222222,
                "#7201a8"
              ],
              [
                0.3333333333333333,
                "#9c179e"
              ],
              [
                0.4444444444444444,
                "#bd3786"
              ],
              [
                0.5555555555555556,
                "#d8576b"
              ],
              [
                0.6666666666666666,
                "#ed7953"
              ],
              [
                0.7777777777777778,
                "#fb9f3a"
              ],
              [
                0.8888888888888888,
                "#fdca26"
              ],
              [
                1.0,
                "#f0f921"
              ]
            ],
            "type": "histogram2d"
          }
        ],
        "histogram2dcontour": [
          {
            "colorbar": {
              "outlinewidth": 0,
              "ticks": ""
            },
            "colorscale": [
              [
                0.0,
                "#0d0887"
              ],
              [
                0.1111111111111111,
                "#46039f"
              ],
              [
                0.2222222222222222,
                "#7201a8"
              ],
              [
                0.3333333333333333,
                "#9c179e"
              ],
              [
                0.4444444444444444,
                "#bd3786"
              ],
              [
                0.5555555555555556,
                "#d8576b"
              ],
              [
                0.6666666666666666,
                "#ed7953"
              ],
              [
                0.7777777777777778,
                "#fb9f3a"
              ],
              [
                0.8888888888888888,
                "#fdca26"
              ],
              [
                1.0,
                "#f0f921"
              ]
            ],
            "type": "histogram2dcontour"
          }
        ],
        "mesh3d": [
          {
            "colorbar": {
              "outlinewidth": 0,
              "ticks": ""
            },
            "type": "mesh3d"
          }
        ],
        "parcoords": [
          {
            "line": {
              "colorbar": {
                "outlinewidth": 0,
                "ticks": ""
              }
            },
            "type": "parcoords"
          }
        ],
        "pie": [
          {
            "automargin": true,
            "type": "pie"
          }
        ],
        "scatter": [
          {
            "marker": {
              "colorbar": {
                "outlinewidth": 0,
                "ticks": ""
              }
            },
            "type": "scatter"
          }
        ],
        "scatter3d": [
          {
            "line": {
              "colorbar": {
                "outlinewidth": 0,
                "ticks": ""
              }
            },
            "marker": {
              "colorbar": {
                "outlinewidth": 0,
                "ticks": ""
              }
            },
            "type": "scatter3d"
          }
        ],
        "scattercarpet": [
          {
            "marker": {
              "colorbar": {
                "outlinewidth": 0,
                "ticks": ""
              }
            },
            "type": "scattercarpet"
          }
        ],
        "scattergeo": [
          {
            "marker": {
              "colorbar": {
                "outlinewidth": 0,
                "ticks": ""
              }
            },
            "type": "scattergeo"
          }
        ],
        "scattergl": [
          {
            "marker": {
              "colorbar": {
                "outlinewidth": 0,
                "ticks": ""
              }
            },
            "type": "scattergl"
          }
        ],
        "scattermapbox": [
          {
            "marker": {
              "colorbar": {
                "outlinewidth": 0,
                "ticks": ""
              }
            },
            "type": "scattermapbox"
          }
        ],
        "scatterpolar": [
          {
            "marker": {
              "colorbar": {
                "outlinewidth": 0,
                "ticks": ""
              }
            },
            "type": "scatterpolar"
          }
        ],
        "scatterpolargl": [
          {
            "marker": {
              "colorbar": {
                "outlinewidth": 0,
                "ticks": ""
              }
            },
            "type": "scatterpolargl"
          }
        ],
        "scatterternary": [
          {
            "marker": {
              "colorbar": {
                "outlinewidth": 0,
                "ticks": ""
              }
            },
            "type": "scatterternary"
          }
        ],
        "surface": [
          {
            "colorbar": {
              "outlinewidth": 0,
              "ticks": ""
            },
            "colorscale": [
              [
                0.0,
                "#0d0887"
              ],
              [
                0.1111111111111111,
                "#46039f"
              ],
              [
                0.2222222222222222,
                "#7201a8"
              ],
              [
                0.3333333333333333,
                "#9c179e"
              ],
              [
                0.4444444444444444,
                "#bd3786"
              ],
              [
                0.5555555555555556,
                "#d8576b"
              ],
              [
                0.6666666666666666,
                "#ed7953"
              ],
              [
                0.7777777777777778,
                "#fb9f3a"
              ],
              [
                0.8888888888888888,
                "#fdca26"
              ],
              [
                1.0,
                "#f0f921"
              ]
            ],
            "type": "surface"
          }
        ],
        "table": [
          {
            "cells": {
              "fill": {
                "color": "#EBF0F8"
              },
              "line": {
                "color": "white"
              }
            },
            "header": {
              "fill": {
                "color": "#C8D4E3"
              },
              "line": {
                "color": "white"
              }
            },
            "type": "table"
          }
        ]
      },
      "layout": {
        "annotationdefaults": {
          "arrowcolor": "#2a3f5f",
          "arrowhead": 0,
          "arrowwidth": 1
        },
        "autotypenumbers": "strict",
        "coloraxis": {
          "colorbar": {
            "outlinewidth": 0,
            "ticks": ""
          }
        },
        "colorscale": {
          "diverging": [
            [
              0,
              "#8e0152"
            ],
            [
              0.1,
              "#c51b7d"
            ],
            [
              0.2,
              "#de77ae"
            ],
            [
              0.3,
              "#f1b6da"
            ],
            [
              0.4,
              "#fde0ef"
            ],
            [
              0.5,
              "#f7f7f7"
            ],
            [
              0.6,
              "#e6f5d0"
            ],
            [
              0.7,
              "#b8e186"
            ],
            [
              0.8,
              "#7fbc41"
            ],
            [
              0.9,
              "#4d9221"
            ],
            [
              1,
              "#276419"
            ]
          ],
          "sequential": [
            [
              0.0,
              "#0d0887"
            ],
            [
              0.1111111111111111,
              "#46039f"
            ],
            [
              0.2222222222222222,
              "#7201a8"
            ],
            [
              0.3333333333333333,
              "#9c179e"
            ],
            [
              0.4444444444444444,
              "#bd3786"
            ],
            [
              0.5555555555555556,
              "#d8576b"
            ],
            [
              0.6666666666666666,
              "#ed7953"
            ],
            [
              0.7777777777777778,
              "#fb9f3a"
            ],
            [
              0.8888888888888888,
              "#fdca26"
            ],
            [
              1.0,
              "#f0f921"
            ]
          ],
          "sequentialminus": [
            [
              0.0,
              "#0d0887"
            ],
            [
              0.1111111111111111,
              "#46039f"
            ],
            [
              0.2222222222222222,
              "#7201a8"
            ],
            [
              0.3333333333333333,
              "#9c179e"
            ],
            [
              0.4444444444444444,
              "#bd3786"
            ],
            [
              0.5555555555555556,
              "#d8576b"
            ],
            [
              0.6666666666666666,
              "#ed7953"
            ],
            [
              0.7777777777777778,
              "#fb9f3a"
            ],
            [
              0.8888888888888888,
              "#fdca26"
            ],
            [
              1.0,
              "#f0f921"
            ]
          ]
        },
        "colorway": [
          "#636efa",
          "#EF553B",
          "#00cc96",
          "#ab63fa",
          "#FFA15A",
          "#19d3f3",
          "#FF6692",
          "#B6E880",
          "#FF97FF",
          "#FECB52"
        ],
        "font": {
          "color": "#2a3f5f"
        },
        "geo": {
          "bgcolor": "white",
          "lakecolor": "white",
          "landcolor": "#E5ECF6",
          "showlakes": true,
          "showland": true,
          "subunitcolor": "white"
        },
        "hoverlabel": {
          "align": "left"
        },
        "hovermode": "closest",
        "mapbox": {
          "style": "light"
        },
        "paper_bgcolor": "white",
        "plot_bgcolor": "#E5ECF6",
        "polar": {
          "angularaxis": {
            "gridcolor": "white",
            "linecolor": "white",
            "ticks": ""
          },
          "bgcolor": "#E5ECF6",
          "radialaxis": {
            "gridcolor": "white",
            "linecolor": "white",
            "ticks": ""
          }
        },
        "scene": {
          "xaxis": {
            "backgroundcolor": "#E5ECF6",
            "gridcolor": "white",
            "gridwidth": 2,
            "linecolor": "white",
            "showbackground": true,
            "ticks": "",
            "zerolinecolor": "white"
          },
          "yaxis": {
            "backgroundcolor": "#E5ECF6",
            "gridcolor": "white",
            "gridwidth": 2,
            "linecolor": "white",
            "showbackground": true,
            "ticks": "",
            "zerolinecolor": "white"
          },
          "zaxis": {
            "backgroundcolor": "#E5ECF6",
            "gridcolor": "white",
            "gridwidth": 2,
            "linecolor": "white",
            "showbackground": true,
            "ticks": "",
            "zerolinecolor": "white"
          }
        },
        "shapedefaults": {
          "line": {
            "color": "#2a3f5f"
          }
        },
        "ternary": {
          "aaxis": {
            "gridcolor": "white",
            "linecolor": "white",
            "ticks": ""
          },
          "baxis": {
            "gridcolor": "white",
            "linecolor": "white",
            "ticks": ""
          },
          "bgcolor": "#E5ECF6",
          "caxis": {
            "gridcolor": "white",
            "linecolor": "white",
            "ticks": ""
          }
        },
        "title": {
          "x": 0.05
        },
        "xaxis": {
          "automargin": true,
          "gridcolor": "white",
          "linecolor": "white",
          "ticks": "",
          "title": {
            "standoff": 15
          },
          "zerolinecolor": "white",
          "zerolinewidth": 2
        },
        "yaxis": {
          "automargin": true,
          "gridcolor": "white",
          "linecolor": "white",
          "ticks": "",
          "title": {
            "standoff": 15
          },
          "zerolinecolor": "white",
          "zerolinewidth": 2
        }
      }
    },
    "xaxis": {
      "anchor": "y",
      "domain": [
        0.0,
        0.3
      ],
      "showticklabels": false
    },
    "xaxis2": {
      "anchor": "y2",
      "domain": [
        0.35,
        0.6499999999999999
      ],
      "showticklabels": false
    },
    "xaxis3": {
      "anchor": "y3",
      "domain": [
        0.7,
        1.0
      ],
      "showticklabels": false
    },
    "yaxis": {
      "anchor": "x",
      "autorange": "reversed",
      "domain": [
        0.0,
        1.0
      ],
      "showticklabels": false
    },
    "yaxis2": {
      "anchor": "x2",
      "autorange": "reversed",
      "domain": [
        0.0,
        1.0
      ],
      "showticklabels": false
    },
    "yaxis3": {
      "anchor": "x3",
      "autorange": "reversed",
      "domain": [
        0.0,
        1.0
      ],
      "showticklabels": false
    }
  }
}