{
  "data": [
    {
      "colorscale": [
        [
          0,
          "blue"
        ],
        [
          0.5,
          "white"
        ],
        [
          1,
          "red"
        ]
      ],
      "showscale": false,
      "type": "heatmap",
      "xaxis": "x",
      "yaxis": "y",
      "z": [
        [
          1.0,
          0.49058836698532104,
          0.28091081976890564,
          0.0,
          0.5061379075050354,
          0.34336724877357483,
          0.2679646611213684,
          0.4795594811439514
        ],
        [
          0.49058836698532104,
          0.9999998807907104,
          0.5514634251594543,
          0.5328118205070496,
          0.1666666567325592,
          0.011962427757680416,
          0.567230761051178,
          0.5197504162788391
        ],
        [
          0.28091081976890564,
          0.5514634251594543,
          1.0,
          0.5161199569702148,
          0.32230356335639954,
          0.29405924677848816,
          0.3359872102737427,
          0.5274816751480103
        ],
        [
          0.0,
          0.5328118205070496,
          0.5161199569702148,
          0.9999998807907104,
          0.3106473386287689,
          0.1666666567325592,
          0.3052104413509369,
          0.45482325553894043
        ],
        [
          0.5061379075050354,
          0.1666666567325592,
          0.32230356335639954,
          0.3106473386287689,
          0.9999998807907104,
          0.33763477206230164,
          0.4451342225074768,
          0.0
        ],
        [
          0.34336724877357483,
          0.011962427757680416,
          0.29405924677848816,
          0.1666666567325592,
          0.33763477206230164,
          1.0,
          0.30176594853401184,
          0.46934598684310913
        ],
        [
          0.2679646611213684,
          0.567230761051178,
          0.3359872102737427,
          0.3052104413509369,
          0.4451342225074768,
          0.30176594853401184,
          0.9999998807907104,
          0.267461895942688
        ],
        [
          0.4795594811439514,
          0.5197504162788391,
          0.5274816751480103,
          0.45482325553894043,
          0.0,
          0.46934598684310913,
          0.267461895942688,
          1.0
        ]
      ],
      "zmax": 1.0,
      "zmin": -0.2
    },
    {
      "colorscale": [
        [
          0,
          "blue"
        ],
        [
          0.5,
          "white"
        ],
        [
          1,
          "red"
        ]
      ],
      "showscale": false,
      "type": "heatmap",
      "xaxis": "x2",
      "yaxis": "y2",
      "z": [
        [
          0.5106784701347351,
          0.45692750811576843,
          0.5186605453491211,
          0.32077059149742126,
          0.5337569713592529,
          0.5007692575454712,
          0.4492257237434387,
          0.03599904477596283
        ],
        [
          0.0,
          0.1666666567325592,
          0.45317721366882324,
          0.0,
          0.32657358050346375,
          0.33540964126586914,
          0.0,
          0.5137857794761658
        ],
        [
          0.0312546007335186,
          0.19550442695617676,
          0.4575120806694031,
          0.0,
          0.3173794746398926,
          0.55266273021698,
          0.0,
          0.09806976467370987
        ],
        [
          0.1666666567325592,
          0.45579302310943604,
          0.5076860189437866,
          0.3323551416397095,
          0.5222770571708679,
          0.4980311691761017,
          0.5288152098655701,
          0.484280526638031
        ],
        [
          0.4335159957408905,
          0.31707435846328735,
          0.48081183433532715,
          0.5313676595687866,
          0.555486798286438,
          0.1666666567325592,
          0.5240306258201599,
          0.0
        ],
        [
          0.5856308341026306,
          0.33550843596458435,
          0.5822069048881531,
          0.5454251766204834,
          0.47201958298683167,
          0.4332672357559204,
          0.4821620285511017,
          0.5192136764526367
        ],
        [
          0.32299596071243286,
          0.01965990848839283,
          0.3368801772594452,
          0.0,
          0.5476569533348083,
          0.34746283292770386,
          0.01351526565849781,
          0.1666666567325592
        ],
        [
          0.45835667848587036,
          0.29264265298843384,
          0.5344483256340027,
          0.035213492810726166,
          0.4232544004917145,
          0.5029373168945312,
          0.35826826095581055,
          0.39864403009414673
        ]
      ],
      "zmax": 1.0,
      "zmin": -0.2
    },
    {
      "colorscale": [
        [
          0,
          "blue"
        ],
        [
          0.5,
          "white"
        ],
        [
          1,
          "red"
        ]
      ],
      "showscale": false,
      "type": "heatmap",
      "xaxis": "x3",
      "yaxis": "y3",
      "z": [
        [
          1.0,
          0.33780375123023987,
          0.3450707495212555,
          0.6066913604736328,
          0.5340754985809326,
          0.03203586861491203,
          0.5926958918571472,
          0.47681909799575806
        ],
        [
          0.33780375123023987,
          1.0,
          0.4180539548397064,
          0.5747169256210327,
          0.4758343994617462,
          0.3567065894603729,
          0.5524904131889343,
          0.4942220151424408
        ],
        [
          0.3450707495212555,
          0.4180539548397064,
          0.9999998807907104,
          0.4473523199558258,
          0.5859553217887878,
          0.4946262538433075,
          0.47721874713897705,
          0.1666666567325592
        ],
        [
          0.6066913604736328,
          0.5747169256210327,
          0.4473523199558258,
          1.0,
          0.2997220456600189,
          0.0,
          0.6953678727149963,
          0.32230275869369507
        ],
        [
          0.5340754985809326,
          0.4758343994617462,
          0.5859553217887878,
          0.2997220456600189,
          1.0,
          0.6141631007194519,
          0.5190547704696655,
          0.2848583459854126
        ],
        [
          0.03203586861491203,
          0.3567065894603729,
          0.4946262538433075,
          0.0,
          0.6141631007194519,
          0.9999998807907104,
          0.4938344359397888,
          0.2873087227344513
        ],
        [
          0.5926958918571472,
          0.5524904131889343,
          0.47721874713897705,
          0.6953678727149963,
          0.5190547704696655,
          0.4938344359397888,
          1.0,
          0.6034257411956787
        ],
        [
          0.47681909799575806,
          0.4942220151424408,
          0.1666666567325592,
          0.32230275869369507,
          0.2848583459854126,
          0.2873087227344513,
          0.6034257411956787,
          0.9999998807907104
        ]
      ],
      "zmax": 1.0,
      "zmin": -0.2
    }
  ],
  "layout": {
    "annotations": [
      {
        "font": {
          "size": 16
        },
        "showarrow": false,
        "text": "REF_REF",
        "x": 0.15,
        "xanchor": "center",
        "xref": "paper",
        "y": 1.0,
        "yanchor": "bottom",
        "yref": "paper"
      },
      {
        "font": {
          "size": 16
        },
        "showarrow": false,
        "text": "VAR_REF",
        "x": 0.49999999999999994,
        "xanchor": "center",
        "xref": "paper",
        "y": 1.0,
        "yanchor": "bottom",
        "yref": "paper"
      },
      {
        "font": {
          "size": 16
        },
        "showarrow": false,
        "text": "VAR_VAR",
        "x": 0.85,
        "xanchor": "center",
        "xref": "paper",
        "y": 1.0,
        "yanchor": "bottom",
        "yref": "paper"
      }
    ],
    "height": 340,
    "template": {
      "data": {
        "bar": [
          {
            "error_x": {
              "color": "#2a3f5f"
            },
            "error_y": {
              "color": "#2a3f5f"
            },
            "marker": {
              "line": {
                "color": "#E5ECF6",
                "width": 0.5
              },
              "pattern": {
                "fillmode": "overlay",
                "size": 10,
                "solidity": 0.2
              }
            },
            "type": "bar"
          }
        ],
        "barpolar": [
          {
            "marker": {
              "line": {
                "color": "#E5ECF6",
                "width": 0.5
              },
              "pattern": {
                "fillmode": "overlay",
                "size": 10,
                "solidity": 0.2
              }
            },
            "type": "barpolar"
          }
        ],
        "carpet": [
          {
            "aaxis": {
              "endlinecolor": "#2a3f5f",
              "gridcolor": "white",
              "linecolor": "white",
              "minorgridcolor": "white",
              "startlinecolor": "#2a3f5f"
            },
            "baxis": {
              "endlinecolor": "#2a3f5f",
              "gridcolor": "white",
              "linecolor": "white",
              "minorgridcolor": "white",
              "startlinecolor": "#2a3f5f"
            },
            "type": "carpet"
          }
        ],
        "choropleth": [
          {
            "colorbar": {
              "outlinewidth": 0,
              "ticks": ""
            },
            "type": "choropleth"
          }
        ],
        "contour": [
          {
            "colorbar": {
              "outlinewidth": 0,
              "ticks": ""
            },
            "colorscale": [
              [
                0.0,
                "#0d0887"
              ],
              [
                0.1111111111111111,
                "#46039f"
              ],
              [
                0.2222222222222222,
                "#7201a8"
              ],
              [
                0.3333333333333333,
                "#9c179e"
              ],
              [
                0.4444444444444444,
                "#bd3786"
              ],
              [
                0.5555555555555556,
                "#d8576b"
              ],
              [
                0.6666666666666666,
                "#ed7953"
              ],
              [
                0.7777777777777778,
                "#fb9f3a"
              ],
              [
                0.8888888888888888,
                "#fdca26"
              ],
              [
                1.0,
                "#f0f921"
              ]
            ],
            "type": "contour"
          }
        ],
        "contourcarpet": [
          {
            "colorbar": {
              "outlinewidth": 0,
              "ticks": ""
            },
            "type": "contourcarpet"
          }
        ],
        "heatmap": [
          {
            "colorbar": {
              "outlinewidth": 0,
              "ticks": ""
            },
            "colorscale": [
              [
                0.0,
                "#0d0887"
              ],
              [
                0.1111111111111111,
                "#46039f"
              ],
              [
                0.2222222222222222,
                "#7201a8"
              ],
              [
                0.3333333333333333,
                "#9c179e"
              ],
              [
                0.4444444444444444,
                "#bd3786"
              ],
              [
                0.5555555555555556,
                "#d8576b"
              ],
              [
                0.6666666666666666,
                "#ed7953"
              ],
              [
                0.7777777777777778,
                "#fb9f3a"
              ],
              [
                0.8888888888888888,
                "#fdca26"
              ],
              [
                1.0,
                "#f0f921"
              ]
            ],
            "type": "heatmap"
          }
        ],
        "heatmapgl": [
          {
            "colorbar": {
              "outlinewidth": 0,
              "ticks": ""
            },
            "colorscale": [
              [
                0.0,
                "#0d0887"
              ],
              [
                0.1111111111111111,
                "#46039f"
              ],
              [
                0.2222222222222222,
                "#7201a8"
              ],
              [
                0.3333333333333333,
                "#9c179e"
              ],
              [
                0.4444444444444444,
                "#bd3786"
              ],
              [
                0.5555555555555556,
                "#d8576b"
              ],
              [
                0.6666666666666666,
                "#ed7953"
              ],
              [
                0.7777777777777778,
                "#fb9f3a"
              ],
              [
                0.8888888888888888,
                "#fdca26"
              ],
              [
                1.0,
                "#f0f921"
              ]
            ],
            "type": "heatmapgl"
          }
        ],
        "histogram": [
          {
            "marker": {
              "pattern": {
                "fillmode": "overlay",
                "size": 10,
                "solidity": 0.2
              }
            },
            "type": "histogram"
          }
        ],
        "histogram2d": [
          {
            "colorbar": {
              "outlinewidth": 0,
              "ticks": ""
            },
            "colorscale": [
              [
                0.0,
                "#0d0887"
              ],
              [
                0.1111111111111111,
                "#46039f"
              ],
              [
                0.2222222222222222,
                "#7201a8"
              ],
              [
                0.3333333333333333,
                "#9c179e"
              ],
              [
                0.4444444444444444,
                "#bd3786"
              ],
              [
                0.5555555555555556,
                "#d8576b"
              ],
              [
                0.6666666666666666,
                "#ed7953"
              ],
              [
                0.7777777777777778,
                "#fb9f3a"
              ],
              [
                0.8888888888888888,
                "#fdca26"
              ],
              [
                1.0,
                "#f0f921"
              ]
            ],
            "type": "histogram2d"
          }
        ],
        "histogram2dcontour": [
          {
            "colorbar": {
              "outlinewidth": 0,
              "ticks": ""
            },
            "colorscale": [
              [
                0.0,
                "#0d0887"
              ],
              [
                0.1111111111111111,
                "#46039f"
              ],
              [
                0.2222222222222222,
                "#7201a8"
              ],
              [
                0.3333333333333333,
                "#9c179e"
              ],
              [
                0.4444444444444444,
                "#bd3786"
              ],
              [
                0.5555555555555556,
                "#d8576b"
              ],
              [
                0.6666666666666666,
                "#ed7953"
              ],
              [
                0.7777777777777778,
                "#fb9f3a"
              ],
              [
                0.8888888888888888,
                "#fdca26"
              ],
              [
                1.0,
                "#f0f921"
              ]
            ],
            "type": "histogram2dcontour"
          }
        ],
        "mesh3d": [
          {
            "colorbar": {
              "outlinewidth": 0,
              "ticks": ""
            },
            "type": "mesh3d"
          }
        ],
        "parcoords": [
          {
            "line": {
              "colorbar": {
                "outlinewidth": 0,
                "ticks": ""
              }
            },
            "type": "parcoords"
          }
        ],
        "pie": [
          {
            "automargin": true,
            "type": "pie"
          }
        ],
        "scatter": [
          {
            "marker": {
              "colorbar": {
                "outlinewidth": 0,
                "ticks": ""
              }
            },
            "type": "scatter"
          }
        ],
        "scatter3d": [
          {
            "line": {
              "colorbar": {
                "outlinewidth": 0,
                "ticks": ""
              }
            },
            "marker": {
              "colorbar": {
                "outlinewidth": 0,
                "ticks": ""
              }
            },
            "type": "scatter3d"
          }
        ],
        "scattercarpet": [
          {
            "marker": {
              "colorbar": {
                "outlinewidth": 0,
                "ticks": ""
              }
            },
            "type": "scattercarpet"
          }
        ],
        "scattergeo": [
          {
            "marker": {
              "colorbar": {
                "outlinewidth": 0,
                "ticks": ""
              }
            },
            "type": "scattergeo"
          }
        ],
        "scattergl": [
          {
            "marker": {
              "colorbar": {
                "outlinewidth": 0,
                "ticks": ""
              }
            },
            "type": "scattergl"
          }
        ],
        "scattermapbox": [
          {
            "marker": {
              "colorbar": {
                "outlinewidth": 0,
                "ticks": ""
              }
            },
            "type": "scattermapbox"
          }
        ],
        "scatterpolar": [
          {
            "marker": {
              "colorbar": {
                "outlinewidth": 0,
                "ticks": ""
              }
            },
            "type": "scatterpolar"
          }
        ],
        "scatterpolargl": [
          {
            "marker": {
              "colorbar": {
                "outlinewidth": 0,
                "ticks": ""
              }
            },
            "type": "scatterpolargl"
          }
        ],
        "scatterternary": [
          {
            "marker": {
              "colorbar": {
                "outlinewidth": 0,
                "ticks": ""
              }
            },
            "type": "scatterternary"
          }
        ],
        "surface": [
          {
            "colorbar": {
              "outlinewidth": 0,
              "ticks": ""
            },
            "colorscale": [
              [
                0.0,
                "#0d0887"
              ],
              [
                0.1111111111111111,
                "#46039f"
              ],
              [
                0.2222222222222222,
                "#7201a8"
              ],
              [
                0.3333333333333333,
                "#9c179e"
              ],
              [
                0.4444444444444444,
                "#bd3786"
              ],
              [
                0.5555555555555556,
                "#d8576b"
              ],
              [
                0.6666666666666666,
                "#ed7953"
              ],
              [
                0.7777777777777778,
                "#fb9f3a"
              ],
              [
                0.8888888888888888,
                "#fdca26"
              ],
              [
                1.0,
                "#f0f921"
              ]
            ],
            "type": "surface"
          }
        ],
        "table": [
          {
            "cells": {
              "fill": {
                "color": "#EBF0F8"
              },
              "line": {
                "color": "white"
              }
            },
            "header": {
              "fill": {
                "color": "#C8D4E3"
              },
              "line": {
                "color": "white"
              }
            },
            "type": "table"
          }
        ]
      },
      "layout": {
        "annotationdefaults": {
          "arrowcolor": "#2a3f5f",
          "arrowhead": 0,
          "arrowwidth": 1
        },
        "autotypenumbers": "strict",
        "coloraxis": {
          "colorbar": {
            "outlinewidth": 0,
            "ticks": ""
          }
        },
        "colorscale": {
          "diverging": [
            [
              0,
              "#8e0152"
            ],
            [
              0.1,
              "#c51b7d"
            ],
            [
              0.2,
              "#de77ae"
            ],
            [
              0.3,
              "#f1b6da"
            ],
            [
              0.4,
              "#fde0ef"
            ],
            [
              0.5,
              "#f7f7f7"
            ],
            [
              0.6,
              "#e6f5d0"
            ],
            [
              0.7,
              "#b8e186"
            ],
            [
              0.8,
              "#7fbc41"
            ],
            [
              0.9,
              "#4d9221"
            ],
            [
              1,
              "#276419"
            ]
          ],
          "sequential": [
            [
              0.0,
              "#0d0887"
            ],
            [
              0.1111111111111111,
              "#46039f"
            ],
            [
              0.2222222222222222,
              "#7201a8"
            ],
            [
              0.3333333333333333,
              "#9c179e"
            ],
            [
              0.4444444444444444,
              "#bd3786"
            ],
            [
              0.5555555555555556,
              "#d8576b"
            ],
            [
              0.6666666666666666,
              "#ed7953"
            ],
            [
              0.7777777777777778,
              "#fb9f3a"
            ],
            [
              0.8888888888888888,
              "#fdca26"
            ],
            [
              1.0,
              "#f0f921"
            ]
          ],
          "sequentialminus": [
            [
              0.0,
              "#0d0887"
            ],
            [
              0.1111111111111111,
              "#46039f"
            ],
            [
              0.2222222222222222,
              "#7201a8"
            ],
            [
              0.3333333333333333,
              "#9c179e"
            ],
            [
              0.4444444444444444,
              "#bd3786"
            ],
            [
              0.5555555555555556,
              "#d8576b"
            ],
            [
              0.6666666666666666,
              "#ed7953"
            ],
            [
              0.7777777777777778,
              "#fb9f3a"
            ],
            [
              0.8888888888888888,
              "#fdca26"
            ],
            [
              1.0,
              "#f0f921"
            ]
          ]
        },
        "colorway": [
          "#636efa",
          "#EF553B",
          "#00cc96",
          "#ab63fa",
          "#FFA15A",
          "#19d3f3",
          "#FF6692",
          "#B6E880",
          "#FF97FF",
          "#FECB52"
        ],
        "font": {
          "color": "#2a3f5f"
        },
        "geo": {
          "bgcolor": "white",
          "lakecolor": "white",
          "landcolor": "#E5ECF6",
          "showlakes": true,
          "showland": true,
          "subunitcolor": "white"
        },
        "hoverlabel": {
          "align": "left"
        },
        "hovermode": "closest",
        "mapbox": {
          "style": "light"
        },
        "paper_bgcolor": "white",
        "plot_bgcolor": "#E5ECF6",
        "polar": {
          "angularaxis": {
            "gridcolor": "white",
            "linecolor": "white",
            "ticks": ""
          },
          "bgcolor": "#E5ECF6",
          "radialaxis": {
            "gridcolor": "white",
            "linecolor": "white",
            "ticks": ""
          }
        },
        "scene": {
          "xaxis": {
            "backgroundcolor": "#E5ECF6",
            "gridcolor": "white",
            "gridwidth": 2,
            "linecolor": "white",
            "showbackground": true,
            "ticks": "",
            "zerolinecolor": "white"
          },
          "yaxis": {
            "backgroundcolor": "#E5ECF6",
            "gridcolor": "white",
            "gridwidth": 2,
            "linecolor": "white",
            "showbackground": true,
            "ticks": "",
            "zerolinecolor": "white"
          },
          "zaxis": {
            "backgroundcolor": "#E5ECF6",
            "gridcolor": "white",
            "gridwidth": 2,
            "linecolor": "white",
            "showbackground": true,
            "ticks": "",
            "zerolinecolor": "white"
          }
        },
        "shapedefaults": {
          "line": {
            "color": "#2a3f5f"
          }
        },
        "ternary": {
          "aaxis": {
            "gridcolor": "white",
            "linecolor": "white",
            "ticks": ""
          },
          "baxis": {
            "gridcolor": "white",
            "linecolor": "white",
            "ticks": ""
          },
          "bgcolor": "#E5ECF6",
          "caxis": {
            "gridcolor": "white",
            "linecolor": "white",
            "ticks": ""
          }
        },
        "title": {
          "x": 0.05
        },
        "xaxis": {
          "automargin": true,
          "gridcolor": "white",
          "linecolor": "white",
          "ticks": "",
          "title": {
            "standoff": 15
          },
          "zerolinecolor": "white",
          "zerolinewidth": 2
        },
        "yaxis": {
          "automargin": true,
          "gridcolor": "white",
          "linecolor": "white",
          "ticks": "",
          "title": {
            "standoff": 15
          },
          "zerolinecolor": "white",
          "zerolinewidth": 2
        }
      }
    },
    "xaxis": {
      "anchor": "y",
      "domain": [
        0.0,
        0.3
      ],
      "showticklabels": false
    },
    "xaxis2": {
      "anchor": "y2",
      "domain": [
        0.35,
        0.6499999999999999
      ],
      "showticklabels": false
    },
    "xaxis3": {
      "anchor": "y3",
      "domain": [
        0.7,
        1.0
      ],
      "showticklabels": false
    },
    "yaxis": {
      "anchor": "x",
      "autorange": "reversed",
      "domain": [
        0.0,
        1.0
      ],
      "showticklabels": false
    },
    "yaxis2": {
      "anchor": "x2",
      "autorange": "reversed",
      "domain": [
        0.0,
        1.0
      ],
      "showticklabels": false
    },
    "yaxis3": {
      "anchor": "x3",
      "autorange": "reversed",
      "domain": [
        0.0,
        1.0
      ],
      "showticklabels": false
    }
  }
}