{
  "data": [
    {
      "colorscale": [
        [
          0,
          "blue"
        ],
        [
          0.5,
          "white"
        ],
        [
          1,
          "red"
        ]
      ],
      "showscale": false,
      "type": "heatmap",
      "xaxis": "x",
      "yaxis": "y",
      "z": [
        [
          1.0,
          0.6162444353103638,
          0.6071996688842773,
          0.5830776691436768,
          0.6444386839866638,
          0.6029062867164612,
          0.5989980101585388,
          0.646730899810791
        ],
        [
          0.6162444353103638,
          0.9999998807907104,
          0.6416416168212891,
          0.4850371479988098,
          0.648039698600769,
          0.6863576173782349,
          0.6187283396720886,
          0.5501171350479126
        ],
        [
          0.6071996688842773,
          0.6416416168212891,
          1.0,
          0.5453184247016907,
          0.6985630393028259,
          0.7142657041549683,
          0.6781364679336548,
          0.6835095882415771
        ],
        [
          0.5830776691436768,
          0.4850371479988098,
          0.5453184247016907,
          1.0,
          0.5274140238761902,
          0.5847480297088623,
          0.5389758348464966,
          0.6190335750579834
        ],
        [
          0.6444386839866638,
          0.648039698600769,
          0.6985630393028259,
          0.5274140238761902,
          1.0,
          0.6844868659973145,
          0.6942098140716553,
          0.6448057293891907
        ],
        [
          0.6029062867164612,
          0.6863576173782349,
          0.7142657041549683,
          0.5847480297088623,
          0.6844868659973145,
          0.9999998807907104,
          0.7220141887664795,
          0.5045425891876221
        ],
        [
          0.5989980101585388,
          0.6187283396720886,
          0.6781364679336548,
          0.5389758348464966,
          0.6942098140716553,
          0.7220141887664795,
          1.0,
          0.5473127961158752
        ],
        [
          0.646730899810791,
          0.5501171350479126,
          0.6835095882415771,
          0.6190335750579834,
          0.6448057293891907,
          0.5045425891876221,
          0.5473127961158752,
          1.0
        ]
      ],
      "zmax": 1.0,
      "zmin": -0.2
    },
    {
      "colorscale": [
        [
          0,
          "blue"
        ],
        [
          0.5,
          "white"
        ],
        [
          1,
          "red"
        ]
      ],
      "showscale": false,
      "type": "heatmap",
      "xaxis": "x2",
      "yaxis": "y2",
      "z": [
        [
          0.5073226690292358,
          0.5960476398468018,
          0.6106921434402466,
          0.5345749855041504,
          0.5268406867980957,
          0.6408308148384094,
          0.5327001214027405,
          0.582708477973938
        ],
        [
          0.32906457781791687,
          0.6356518864631653,
          0.5949263572692871,
          0.604501485824585,
          0.6670172214508057,
          0.5959187150001526,
          0.6209659576416016,
          0.33934667706489563
        ],
        [
          0.5483958125114441,
          0.6226251721382141,
          0.35034316778182983,
          0.6239941716194153,
          0.5954709649085999,
          0.6446865200996399,
          0.6462908983230591,
          0.5854209661483765
        ],
        [
          0.3008197247982025,
          0.03276796266436577,
          0.29289305210113525,
          0.30332475900650024,
          0.49251002073287964,
          0.293209433555603,
          0.5207116007804871,
          0.1666666567325592
        ],
        [
          0.6309236288070679,
          0.3479652404785156,
          0.5010789036750793,
          0.671615719795227,
          0.1666666567325592,
          0.5410353541374207,
          0.5434747338294983,
          0.516791582107544
        ],
        [
          0.5323213934898376,
          0.6217464804649353,
          0.643648624420166,
          0.5840442776679993,
          0.6246238946914673,
          0.546518862247467,
          0.49182993173599243,
          0.5727049112319946
        ],
        [
          0.6064432859420776,
          0.5959399342536926,
          0.6611335277557373,
          0.7038026452064514,
          0.6247594952583313,
          0.35586148500442505,
          0.40165993571281433,
          0.1666666567325592
        ],
        [
          0.5672491192817688,
          0.32961800694465637,
          0.4578051269054413,
          0.5982285141944885,
          0.5198512077331543,
          0.679314911365509,
          0.3420519232749939,
          0.5643098950386047
        ]
      ],
      "zmax": 1.0,
      "zmin": -0.2
    },
    {
      "colorscale": [
        [
          0,
          "blue"
        ],
        [
          0.5,
          "white"
        ],
        [
          1,
          "red"
        ]
      ],
      "showscale": false,
      "type": "heatmap",
      "xaxis": "x3",
      "yaxis": "y3",
      "z": [
        [
          0.9999998807907104,
          0.6720316410064697,
          0.5879780650138855,
          0.6951537728309631,
          0.6966099739074707,
          0.6876675486564636,
          0.6514288187026978,
          0.6401656270027161
        ],
        [
          0.6720316410064697,
          0.9999998807907104,
          0.6812230944633484,
          0.7264026403427124,
          0.7677529454231262,
          0.7253634929656982,
          0.6887969374656677,
          0.675277054309845
        ],
        [
          0.5879780650138855,
          0.6812230944633484,
          1.0,
          0.6545177102088928,
          0.6210377812385559,
          0.37414148449897766,
          0.7214007377624512,
          0.342766672372818
        ],
        [
          0.6951537728309631,
          0.7264026403427124,
          0.6545177102088928,
          1.0,
          0.664049506187439,
          0.7456994652748108,
          0.75165194272995,
          0.6516159772872925
        ],
        [
          0.6966099739074707,
          0.7677529454231262,
          0.6210377812385559,
          0.664049506187439,
          1.0,
          0.6678346395492554,
          0.7295224070549011,
          0.5494644641876221
        ],
        [
          0.6876675486564636,
          0.7253634929656982,
          0.37414148449897766,
          0.7456994652748108,
          0.6678346395492554,
          0.9999998807907104,
          0.6741865873336792,
          0.7073411345481873
        ],
        [
          0.6514288187026978,
          0.6887969374656677,
          0.7214007377624512,
          0.75165194272995,
          0.7295224070549011,
          0.6741865873336792,
          1.0,
          0.6133651733398438
        ],
        [
          0.6401656270027161,
          0.675277054309845,
          0.342766672372818,
          0.6516159772872925,
          0.5494644641876221,
          0.7073411345481873,
          0.6133651733398438,
          1.0
        ]
      ],
      "zmax": 1.0,
      "zmin": -0.2
    }
  ],
  "layout": {
    "annotations": [
      {
        "font": {
          "size": 16
        },
        "showarrow": false,
        "text": "REF_REF",
        "x": 0.15,
        "xanchor": "center",
        "xref": "paper",
        "y": 1.0,
        "yanchor": "bottom",
        "yref": "paper"
      },
      {
        "font": {
          "size": 16
        },
        "showarrow": false,
        "text": "VAR_REF",
        "x": 0.49999999999999994,
        "xanchor": "center",
        "xref": "paper",
        "y": 1.0,
        "yanchor": "bottom",
        "yref": "paper"
      },
      {
        "font": {
          "size": 16
        },
        "showarrow": false,
        "text": "VAR_VAR",
        "x": 0.85,
        "xanchor": "center",
        "xref": "paper",
        "y": 1.0,
        "yanchor": "bottom",
        "yref": "paper"
      }
    ],
    "height": 340,
    "template": {
      "data": {
        "bar": [
          {
            "error_x": {
              "color": "#2a3f5f"
            },
            "error_y": {
              "color": "#2a3f5f"
            },
            "marker": {
              "line": {
                "color": "#E5ECF6",
                "width": 0.5
              },
              "pattern": {
                "fillmode": "overlay",
                "size": 10,
                "solidity": 0.2
              }
            },
            "type": "bar"
          }
        ],
        "barpolar": [
          {
            "marker": {
              "line": {
                "color": "#E5ECF6",
                "width": 0.5
              },
              "pattern": {
                "fillmode": "overlay",
                "size": 10,
                "solidity": 0.2
              }
            },
            "type": "barpolar"
          }
        ],
        "carpet": [
          {
            "aaxis": {
              "endlinecolor": "#2a3f5f",
              "gridcolor": "white",
              "linecolor": "white",
              "minorgridcolor": "white",
              "startlinecolor": "#2a3f5f"
            },
            "baxis": {
              "endlinecolor": "#2a3f5f",
              "gridcolor": "white",
              "linecolor": "white",
              "minorgridcolor": "white",
              "startlinecolor": "#2a3f5f"
            },
            "type": "carpet"
          }
        ],
        "choropleth": [
          {
            "colorbar": {
              "outlinewidth": 0,
              "ticks": ""
            },
            "type": "choropleth"
          }
        ],
        "contour": [
          {
            "colorbar": {
              "outlinewidth": 0,
              "ticks": ""
            },
            "colorscale": [
              [
                0.0,
                "#0d0887"
              ],
              [
                0.1111111111111111,
                "#46039f"
              ],
              [
                0.2222222222222222,
                "#7201a8"
              ],
              [
                0.3333333333333333,
                "#9c179e"
              ],
              [
                0.4444444444444444,
                "#bd3786"
              ],
              [
                0.5555555555555556,
                "#d8576b"
              ],
              [
                0.6666666666666666,
                "#ed7953"
              ],
              [
                0.7777777777777778,
                "#fb9f3a"
              ],
              [
                0.8888888888888888,
                "#fdca26"
              ],
              [
                1.0,
                "#f0f921"
              ]
            ],
            "type": "contour"
          }
        ],
        "contourcarpet": [
          {
            "colorbar": {
              "outlinewidth": 0,
              "ticks": ""
            },
            "type": "contourcarpet"
          }
        ],
        "heatmap": [
          {
            "colorbar": {
              "outlinewidth": 0,
              "ticks": ""
            },
            "colorscale": [
              [
                0.0,
                "#0d0887"
              ],
              [
                0.1111111111111111,
                "#46039f"
              ],
              [
                0.2222222222222222,
                "#7201a8"
              ],
              [
                0.3333333333333333,
                "#9c179e"
              ],
              [
                0.4444444444444444,
                "#bd3786"
              ],
              [
                0.5555555555555556,
                "#d8576b"
              ],
              [
                0.6666666666666666,
                "#ed7953"
              ],
              [
                0.7777777777777778,
                "#fb9f3a"
              ],
              [
                0.8888888888888888,
                "#fdca26"
              ],
              [
                1.0,
                "#f0f921"
              ]
            ],
            "type": "heatmap"
          }
        ],
        "heatmapgl": [
          {
            "colorbar": {
              "outlinewidth": 0,
              "ticks": ""
            },
            "colorscale": [
              [
                0.0,
                "#0d0887"
              ],
              [
                0.1111111111111111,
                "#46039f"
              ],
              [
                0.2222222222222222,
                "#7201a8"
              ],
              [
                0.3333333333333333,
                "#9c179e"
              ],
              [
                0.4444444444444444,
                "#bd3786"
              ],
              [
                0.5555555555555556,
                "#d8576b"
              ],
              [
                0.6666666666666666,
                "#ed7953"
              ],
              [
                0.7777777777777778,
                "#fb9f3a"
              ],
              [
                0.8888888888888888,
                "#fdca26"
              ],
              [
                1.0,
                "#f0f921"
              ]
            ],
            "type": "heatmapgl"
          }
        ],
        "histogram": [
          {
            "marker": {
              "pattern": {
                "fillmode": "overlay",
                "size": 10,
                "solidity": 0.2
              }
            },
            "type": "histogram"
          }
        ],
        "histogram2d": [
          {
            "colorbar": {
              "outlinewidth": 0,
              "ticks": ""
            },
            "colorscale": [
              [
                0.0,
                "#0d0887"
              ],
              [
                0.1111111111111111,
                "#46039f"
              ],
              [
                0.2222222222222222,
                "#7201a8"
              ],
              [
                0.3333333333333333,
                "#9c179e"
              ],
              [
                0.4444444444444444,
                "#bd3786"
              ],
              [
                0.5555555555555556,
                "#d8576b"
              ],
              [
                0.6666666666666666,
                "#ed7953"
              ],
              [
                0.7777777777777778,
                "#fb9f3a"
              ],
              [
                0.8888888888888888,
                "#fdca26"
              ],
              [
                1.0,
                "#f0f921"
              ]
            ],
            "type": "histogram2d"
          }
        ],
        "histogram2dcontour": [
          {
            "colorbar": {
              "outlinewidth": 0,
              "ticks": ""
            },
            "colorscale": [
              [
                0.0,
                "#0d0887"
              ],
              [
                0.1111111111111111,
                "#46039f"
              ],
              [
                0.2222222222222222,
                "#7201a8"
              ],
              [
                0.3333333333333333,
                "#9c179e"
              ],
              [
                0.4444444444444444,
                "#bd3786"
              ],
              [
                0.5555555555555556,
                "#d8576b"
              ],
              [
                0.6666666666666666,
                "#ed7953"
              ],
              [
                0.7777777777777778,
                "#fb9f3a"
              ],
              [
                0.8888888888888888,
                "#fdca26"
              ],
              [
                1.0,
                "#f0f921"
              ]
            ],
            "type": "histogram2dcontour"
          }
        ],
        "mesh3d": [
          {
            "colorbar": {
              "outlinewidth": 0,
              "ticks": ""
            },
            "type": "mesh3d"
          }
        ],
        "parcoords": [
          {
            "line": {
              "colorbar": {
                "outlinewidth": 0,
                "ticks": ""
              }
            },
            "type": "parcoords"
          }
        ],
        "pie": [
          {
            "automargin": true,
            "type": "pie"
          }
        ],
        "scatter": [
          {
            "marker": {
              "colorbar": {
                "outlinewidth": 0,
                "ticks": ""
              }
            },
            "type": "scatter"
          }
        ],
        "scatter3d": [
          {
            "line": {
              "colorbar": {
                "outlinewidth": 0,
                "ticks": ""
              }
            },
            "marker": {
              "colorbar": {
                "outlinewidth": 0,
                "ticks": ""
              }
            },
            "type": "scatter3d"
          }
        ],
        "scattercarpet": [
          {
            "marker": {
              "colorbar": {
                "outlinewidth": 0,
                "ticks": ""
              }
            },
            "type": "scattercarpet"
          }
        ],
        "scattergeo": [
          {
            "marker": {
              "colorbar": {
                "outlinewidth": 0,
                "ticks": ""
              }
            },
            "type": "scattergeo"
          }
        ],
        "scattergl": [
          {
            "marker": {
              "colorbar": {
                "outlinewidth": 0,
                "ticks": ""
              }
            },
            "type": "scattergl"
          }
        ],
        "scattermapbox": [
          {
            "marker": {
              "colorbar": {
                "outlinewidth": 0,
                "ticks": ""
              }
            },
            "type": "scattermapbox"
          }
        ],
        "scatterpolar": [
          {
            "marker": {
              "colorbar": {
                "outlinewidth": 0,
                "ticks": ""
              }
            },
            "type": "scatterpolar"
          }
        ],
        "scatterpolargl": [
          {
            "marker": {
              "colorbar": {
                "outlinewidth": 0,
                "ticks": ""
              }
            },
            "type": "scatterpolargl"
          }
        ],
        "scatterternary": [
          {
            "marker": {
              "colorbar": {
                "outlinewidth": 0,
                "ticks": ""
              }
            },
            "type": "scatterternary"
          }
        ],
        "surface": [
          {
            "colorbar": {
              "outlinewidth": 0,
              "ticks": ""
            },
            "colorscale": [
              [
                0.0,
                "#0d0887"
              ],
              [
                0.1111111111111111,
                "#46039f"
              ],
              [
                0.2222222222222222,
                "#7201a8"
              ],
              [
                0.3333333333333333,
                "#9c179e"
              ],
              [
                0.4444444444444444,
                "#bd3786"
              ],
              [
                0.5555555555555556,
                "#d8576b"
              ],
              [
                0.6666666666666666,
                "#ed7953"
              ],
              [
                0.7777777777777778,
                "#fb9f3a"
              ],
              [
                0.8888888888888888,
                "#fdca26"
              ],
              [
                1.0,
                "#f0f921"
              ]
            ],
            "type": "surface"
          }
        ],
        "table": [
          {
            "cells": {
              "fill": {
                "color": "#EBF0F8"
              },
              "line": {
                "color": "white"
              }
            },
            "header": {
              "fill": {
                "color": "#C8D4E3"
              },
              "line": {
                "color": "white"
              }
            },
            "type": "table"
          }
        ]
      },
      "layout": {
        "annotationdefaults": {
          "arrowcolor": "#2a3f5f",
          "arrowhead": 0,
          "arrowwidth": 1
        },
        "autotypenumbers": "strict",
        "coloraxis": {
          "colorbar": {
            "outlinewidth": 0,
            "ticks": ""
          }
        },
        "colorscale": {
          "diverging": [
            [
              0,
              "#8e0152"
            ],
            [
              0.1,
              "#c51b7d"
            ],
            [
              0.2,
              "#de77ae"
            ],
            [
              0.3,
              "#f1b6da"
            ],
            [
              0.4,
              "#fde0ef"
            ],
            [
              0.5,
              "#f7f7f7"
            ],
            [
              0.6,
              "#e6f5d0"
            ],
            [
              0.7,
              "#b8e186"
            ],
            [
              0.8,
              "#7fbc41"
            ],
            [
              0.9,
              "#4d9221"
            ],
            [
              1,
              "#276419"
            ]
          ],
          "sequential": [
            [
              0.0,
              "#0d0887"
            ],
            [
              0.1111111111111111,
              "#46039f"
            ],
            [
              0.2222222222222222,
              "#7201a8"
            ],
            [
              0.3333333333333333,
              "#9c179e"
            ],
            [
              0.4444444444444444,
              "#bd3786"
            ],
            [
              0.5555555555555556,
              "#d8576b"
            ],
            [
              0.6666666666666666,
              "#ed7953"
            ],
            [
              0.7777777777777778,
              "#fb9f3a"
            ],
            [
              0.8888888888888888,
              "#fdca26"
            ],
            [
              1.0,
              "#f0f921"
            ]
          ],
          "sequentialminus": [
            [
              0.0,
              "#0d0887"
            ],
            [
              0.1111111111111111,
              "#46039f"
            ],
            [
              0.2222222222222222,
              "#7201a8"
            ],
            [
              0.3333333333333333,
              "#9c179e"
            ],
            [
              0.4444444444444444,
              "#bd3786"
            ],
            [
              0.5555555555555556,
              "#d8576b"
            ],
            [
              0.6666666666666666,
              "#ed7953"
            ],
            [
              0.7777777777777778,
              "#fb9f3a"
            ],
            [
              0.8888888888888888,
              "#fdca26"
            ],
            [
              1.0,
              "#f0f921"
            ]
          ]
        },
        "colorway": [
          "#636efa",
          "#EF553B",
          "#00cc96",
          "#ab63fa",
          "#FFA15A",
          "#19d3f3",
          "#FF6692",
          "#B6E880",
          "#FF97FF",
          "#FECB52"
        ],
        "font": {
          "color": "#2a3f5f"
        },
        "geo": {
          "bgcolor": "white",
          "lakecolor": "white",
          "landcolor": "#E5ECF6",
          "showlakes": true,
          "showland": true,
          "subunitcolor": "white"
        },
        "hoverlabel": {
          "align": "left"
        },
        "hovermode": "closest",
        "mapbox": {
          "style": "light"
        },
        "paper_bgcolor": "white",
        "plot_bgcolor": "#E5ECF6",
        "polar": {
          "angularaxis": {
            "gridcolor": "white",
            "linecolor": "white",
            "ticks": ""
          },
          "bgcolor": "#E5ECF6",
          "radialaxis": {
            "gridcolor": "white",
            "linecolor": "white",
            "ticks": ""
          }
        },
        "scene": {
          "xaxis": {
            "backgroundcolor": "#E5ECF6",
            "gridcolor": "white",
            "gridwidth": 2,
            "linecolor": "white",
            "showbackground": true,
            "ticks": "",
            "zerolinecolor": "white"
          },
          "yaxis": {
            "backgroundcolor": "#E5ECF6",
            "gridcolor": "white",
            "gridwidth": 2,
            "linecolor": "white",
            "showbackground": true,
            "ticks": "",
            "zerolinecolor": "white"
          },
          "zaxis": {
            "backgroundcolor": "#E5ECF6",
            "gridcolor": "white",
            "gridwidth": 2,
            "linecolor": "white",
            "showbackground": true,
            "ticks": "",
            "zerolinecolor": "white"
          }
        },
        "shapedefaults": {
          "line": {
            "color": "#2a3f5f"
          }
        },
        "ternary": {
          "aaxis": {
            "gridcolor": "white",
            "linecolor": "white",
            "ticks": ""
          },
          "baxis": {
            "gridcolor": "white",
            "linecolor": "white",
            "ticks": ""
          },
          "bgcolor": "#E5ECF6",
          "caxis": {
            "gridcolor": "white",
            "linecolor": "white",
            "ticks": ""
          }
        },
        "title": {
          "x": 0.05
        },
        "xaxis": {
          "automargin": true,
          "gridcolor": "white",
          "linecolor": "white",
          "ticks": "",
          "title": {
            "standoff": 15
          },
          "zerolinecolor": "white",
          "zerolinewidth": 2
        },
        "yaxis": {
          "automargin": true,
          "gridcolor": "white",
          "linecolor": "white",
          "ticks": "",
          "title": {
            "standoff": 15
          },
          "zerolinecolor": "white",
          "zerolinewidth": 2
        }
      }
    },
    "xaxis": {
      "anchor": "y",
      "domain": [
        0.0,
        0.3
      ],
      "showticklabels": false
    },
    "xaxis2": {
      "anchor": "y2",
      "domain": [
        0.35,
        0.6499999999999999
      ],
      "showticklabels": false
    },
    "xaxis3": {
      "anchor": "y3",
      "domain": [
        0.7,
        1.0
      ],
      "showticklabels": false
    },
    "yaxis": {
      "anchor": "x",
      "autorange": "reversed",
      "domain": [
        0.0,
        1.0
      ],
      "showticklabels": false
    },
    "yaxis2": {
      "anchor": "x2",
      "autorange": "reversed",
      "domain": [
        0.0,
        1.0
      ],
      "showticklabels": false
    },
    "yaxis3": {
      "anchor": "x3",
      "autorange": "reversed",
      "domain": [
        0.0,
        1.0
      ],
      "showticklabels": false
    }
  }
}