{
  "data": [
    {
      "colorscale": [
        [
          0,
          "blue"
        ],
        [
          0.5,
          "white"
        ],
        [
          1,
          "red"
        ]
      ],
      "showscale": false,
      "type": "heatmap",
      "xaxis": "x",
      "yaxis": "y",
      "z": [
        [
          0.9999998211860657,
          0.6325194239616394,
          0.3502514958381653,
          0.6636160016059875,
          0.3158673942089081,
          0.5147159695625305,
          0.6155809760093689,
          0.6709036231040955
        ],
        [
          0.6325194239616394,
          1.0,
          0.36725035309791565,
          0.6544148325920105,
          0.5013296008110046,
          0.66140216588974,
          0.6385549902915955,
          0.6650108098983765
        ],
        [
          0.3502514958381653,
          0.36725035309791565,
          1.0,
          0.47069308161735535,
          0.46618470549583435,
          0.5246728658676147,
          0.5393587350845337,
          0.6279610991477966
        ],
        [
          0.6636160016059875,
          0.6544148325920105,
          0.47069308161735535,
          1.0,
          0.3431984782218933,
          0.5908064842224121,
          0.5537018179893494,
          0.6541298031806946
        ],
        [
          0.3158673942089081,
          0.5013296008110046,
          0.46618470549583435,
          0.3431984782218933,
          1.0,
          0.24966752529144287,
          0.6159058213233948,
          0.5297894477844238
        ],
        [
          0.5147159695625305,
          0.66140216588974,
          0.5246728658676147,
          0.5908064842224121,
          0.24966752529144287,
          1.0,
          0.3803158104419708,
          0.5380555391311646
        ],
        [
          0.6155809760093689,
          0.6385549902915955,
          0.5393587350845337,
          0.5537018179893494,
          0.6159058213233948,
          0.3803158104419708,
          1.0,
          0.6608387231826782
        ],
        [
          0.6709036231040955,
          0.6650108098983765,
          0.6279610991477966,
          0.6541298031806946,
          0.5297894477844238,
          0.5380555391311646,
          0.6608387231826782,
          1.0
        ]
      ],
      "zmax": 1.0,
      "zmin": -0.2
    },
    {
      "colorscale": [
        [
          0,
          "blue"
        ],
        [
          0.5,
          "white"
        ],
        [
          1,
          "red"
        ]
      ],
      "showscale": false,
      "type": "heatmap",
      "xaxis": "x2",
      "yaxis": "y2",
      "z": [
        [
          0.5492352247238159,
          0.4987266957759857,
          0.06654398888349533,
          0.650593638420105,
          0.543663501739502,
          0.48945578932762146,
          0.4840107560157776,
          0.5441373586654663
        ],
        [
          0.1666666567325592,
          0.5729063153266907,
          0.1666666567325592,
          0.36233681440353394,
          0.039877455681562424,
          0.6021720170974731,
          0.4047189950942993,
          0.5315744876861572
        ],
        [
          0.5269922018051147,
          0.5986253619194031,
          0.6274116039276123,
          0.21245737373828888,
          0.3316643238067627,
          0.49090075492858887,
          0.6154374480247498,
          0.27745410799980164
        ],
        [
          0.28283271193504333,
          0.3091579079627991,
          0.0,
          0.7112143635749817,
          0.2927524745464325,
          0.457248330116272,
          0.556977391242981,
          0.46061646938323975
        ],
        [
          0.32508447766304016,
          0.1666666567325592,
          0.1666666567325592,
          0.608506441116333,
          0.5247181057929993,
          0.2990768849849701,
          0.18758337199687958,
          0.2536448836326599
        ],
        [
          0.4947110712528229,
          0.635947585105896,
          0.3047311305999756,
          0.3607077896595001,
          0.5580995678901672,
          0.331491082906723,
          0.5220105051994324,
          0.6502240896224976
        ],
        [
          0.5354494452476501,
          0.49191880226135254,
          0.37800338864326477,
          0.6381409764289856,
          0.1666666567325592,
          0.646692156791687,
          0.567864716053009,
          0.5625606775283813
        ],
        [
          0.43755996227264404,
          0.5355092287063599,
          0.3173282742500305,
          0.5335988402366638,
          0.3229289650917053,
          0.5030989646911621,
          0.4515480399131775,
          0.4217917025089264
        ]
      ],
      "zmax": 1.0,
      "zmin": -0.2
    },
    {
      "colorscale": [
        [
          0,
          "blue"
        ],
        [
          0.5,
          "white"
        ],
        [
          1,
          "red"
        ]
      ],
      "showscale": false,
      "type": "heatmap",
      "xaxis": "x3",
      "yaxis": "y3",
      "z": [
        [
          1.0,
          0.6015938520431519,
          0.38651880621910095,
          0.2994137406349182,
          0.5328940749168396,
          0.6407530307769775,
          0.5573832988739014,
          0.1666666567325592
        ],
        [
          0.6015938520431519,
          1.0,
          0.6098645925521851,
          0.5714111924171448,
          0.3430093824863434,
          0.39908984303474426,
          0.5946835875511169,
          0.6356745362281799
        ],
        [
          0.38651880621910095,
          0.6098645925521851,
          1.0,
          0.1666666567325592,
          0.11689106374979019,
          0.33441290259361267,
          0.4996931254863739,
          0.1547175645828247
        ],
        [
          0.2994137406349182,
          0.5714111924171448,
          0.1666666567325592,
          1.0,
          0.5267468094825745,
          0.665869414806366,
          0.6783393025398254,
          0.5817973613739014
        ],
        [
          0.5328940749168396,
          0.3430093824863434,
          0.11689106374979019,
          0.5267468094825745,
          0.9999998807907104,
          0.15480610728263855,
          0.44628435373306274,
          0.3069780766963959
        ],
        [
          0.6407530307769775,
          0.39908984303474426,
          0.33441290259361267,
          0.665869414806366,
          0.15480610728263855,
          1.0,
          0.48403480648994446,
          0.5479112267494202
        ],
        [
          0.5573832988739014,
          0.5946835875511169,
          0.4996931254863739,
          0.6783393025398254,
          0.44628435373306274,
          0.48403480648994446,
          1.0,
          0.47403016686439514
        ],
        [
          0.1666666567325592,
          0.6356745362281799,
          0.1547175645828247,
          0.5817973613739014,
          0.3069780766963959,
          0.5479112267494202,
          0.47403016686439514,
          1.0
        ]
      ],
      "zmax": 1.0,
      "zmin": -0.2
    }
  ],
  "layout": {
    "annotations": [
      {
        "font": {
          "size": 16
        },
        "showarrow": false,
        "text": "REF_REF",
        "x": 0.15,
        "xanchor": "center",
        "xref": "paper",
        "y": 1.0,
        "yanchor": "bottom",
        "yref": "paper"
      },
      {
        "font": {
          "size": 16
        },
        "showarrow": false,
        "text": "VAR_REF",
        "x": 0.49999999999999994,
        "xanchor": "center",
        "xref": "paper",
        "y": 1.0,
        "yanchor": "bottom",
        "yref": "paper"
      },
      {
        "font": {
          "size": 16
        },
        "showarrow": false,
        "text": "VAR_VAR",
        "x": 0.85,
        "xanchor": "center",
        "xref": "paper",
        "y": 1.0,
        "yanchor": "bottom",
        "yref": "paper"
      }
    ],
    "height": 340,
    "template": {
      "data": {
        "bar": [
          {
            "error_x": {
              "color": "#2a3f5f"
            },
            "error_y": {
              "color": "#2a3f5f"
            },
            "marker": {
              "line": {
                "color": "#E5ECF6",
                "width": 0.5
              },
              "pattern": {
                "fillmode": "overlay",
                "size": 10,
                "solidity": 0.2
              }
            },
            "type": "bar"
          }
        ],
        "barpolar": [
          {
            "marker": {
              "line": {
                "color": "#E5ECF6",
                "width": 0.5
              },
              "pattern": {
                "fillmode": "overlay",
                "size": 10,
                "solidity": 0.2
              }
            },
            "type": "barpolar"
          }
        ],
        "carpet": [
          {
            "aaxis": {
              "endlinecolor": "#2a3f5f",
              "gridcolor": "white",
              "linecolor": "white",
              "minorgridcolor": "white",
              "startlinecolor": "#2a3f5f"
            },
            "baxis": {
              "endlinecolor": "#2a3f5f",
              "gridcolor": "white",
              "linecolor": "white",
              "minorgridcolor": "white",
              "startlinecolor": "#2a3f5f"
            },
            "type": "carpet"
          }
        ],
        "choropleth": [
          {
            "colorbar": {
              "outlinewidth": 0,
              "ticks": ""
            },
            "type": "choropleth"
          }
        ],
        "contour": [
          {
            "colorbar": {
              "outlinewidth": 0,
              "ticks": ""
            },
            "colorscale": [
              [
                0.0,
                "#0d0887"
              ],
              [
                0.1111111111111111,
                "#46039f"
              ],
              [
                0.2222222222222222,
                "#7201a8"
              ],
              [
                0.3333333333333333,
                "#9c179e"
              ],
              [
                0.4444444444444444,
                "#bd3786"
              ],
              [
                0.5555555555555556,
                "#d8576b"
              ],
              [
                0.6666666666666666,
                "#ed7953"
              ],
              [
                0.7777777777777778,
                "#fb9f3a"
              ],
              [
                0.8888888888888888,
                "#fdca26"
              ],
              [
                1.0,
                "#f0f921"
              ]
            ],
            "type": "contour"
          }
        ],
        "contourcarpet": [
          {
            "colorbar": {
              "outlinewidth": 0,
              "ticks": ""
            },
            "type": "contourcarpet"
          }
        ],
        "heatmap": [
          {
            "colorbar": {
              "outlinewidth": 0,
              "ticks": ""
            },
            "colorscale": [
              [
                0.0,
                "#0d0887"
              ],
              [
                0.1111111111111111,
                "#46039f"
              ],
              [
                0.2222222222222222,
                "#7201a8"
              ],
              [
                0.3333333333333333,
                "#9c179e"
              ],
              [
                0.4444444444444444,
                "#bd3786"
              ],
              [
                0.5555555555555556,
                "#d8576b"
              ],
              [
                0.6666666666666666,
                "#ed7953"
              ],
              [
                0.7777777777777778,
                "#fb9f3a"
              ],
              [
                0.8888888888888888,
                "#fdca26"
              ],
              [
                1.0,
                "#f0f921"
              ]
            ],
            "type": "heatmap"
          }
        ],
        "heatmapgl": [
          {
            "colorbar": {
              "outlinewidth": 0,
              "ticks": ""
            },
            "colorscale": [
              [
                0.0,
                "#0d0887"
              ],
              [
                0.1111111111111111,
                "#46039f"
              ],
              [
                0.2222222222222222,
                "#7201a8"
              ],
              [
                0.3333333333333333,
                "#9c179e"
              ],
              [
                0.4444444444444444,
                "#bd3786"
              ],
              [
                0.5555555555555556,
                "#d8576b"
              ],
              [
                0.6666666666666666,
                "#ed7953"
              ],
              [
                0.7777777777777778,
                "#fb9f3a"
              ],
              [
                0.8888888888888888,
                "#fdca26"
              ],
              [
                1.0,
                "#f0f921"
              ]
            ],
            "type": "heatmapgl"
          }
        ],
        "histogram": [
          {
            "marker": {
              "pattern": {
                "fillmode": "overlay",
                "size": 10,
                "solidity": 0.2
              }
            },
            "type": "histogram"
          }
        ],
        "histogram2d": [
          {
            "colorbar": {
              "outlinewidth": 0,
              "ticks": ""
            },
            "colorscale": [
              [
                0.0,
                "#0d0887"
              ],
              [
                0.1111111111111111,
                "#46039f"
              ],
              [
                0.2222222222222222,
                "#7201a8"
              ],
              [
                0.3333333333333333,
                "#9c179e"
              ],
              [
                0.4444444444444444,
                "#bd3786"
              ],
              [
                0.5555555555555556,
                "#d8576b"
              ],
              [
                0.6666666666666666,
                "#ed7953"
              ],
              [
                0.7777777777777778,
                "#fb9f3a"
              ],
              [
                0.8888888888888888,
                "#fdca26"
              ],
              [
                1.0,
                "#f0f921"
              ]
            ],
            "type": "histogram2d"
          }
        ],
        "histogram2dcontour": [
          {
            "colorbar": {
              "outlinewidth": 0,
              "ticks": ""
            },
            "colorscale": [
              [
                0.0,
                "#0d0887"
              ],
              [
                0.1111111111111111,
                "#46039f"
              ],
              [
                0.2222222222222222,
                "#7201a8"
              ],
              [
                0.3333333333333333,
                "#9c179e"
              ],
              [
                0.4444444444444444,
                "#bd3786"
              ],
              [
                0.5555555555555556,
                "#d8576b"
              ],
              [
                0.6666666666666666,
                "#ed7953"
              ],
              [
                0.7777777777777778,
                "#fb9f3a"
              ],
              [
                0.8888888888888888,
                "#fdca26"
              ],
              [
                1.0,
                "#f0f921"
              ]
            ],
            "type": "histogram2dcontour"
          }
        ],
        "mesh3d": [
          {
            "colorbar": {
              "outlinewidth": 0,
              "ticks": ""
            },
            "type": "mesh3d"
          }
        ],
        "parcoords": [
          {
            "line": {
              "colorbar": {
                "outlinewidth": 0,
                "ticks": ""
              }
            },
            "type": "parcoords"
          }
        ],
        "pie": [
          {
            "automargin": true,
            "type": "pie"
          }
        ],
        "scatter": [
          {
            "marker": {
              "colorbar": {
                "outlinewidth": 0,
                "ticks": ""
              }
            },
            "type": "scatter"
          }
        ],
        "scatter3d": [
          {
            "line": {
              "colorbar": {
                "outlinewidth": 0,
                "ticks": ""
              }
            },
            "marker": {
              "colorbar": {
                "outlinewidth": 0,
                "ticks": ""
              }
            },
            "type": "scatter3d"
          }
        ],
        "scattercarpet": [
          {
            "marker": {
              "colorbar": {
                "outlinewidth": 0,
                "ticks": ""
              }
            },
            "type": "scattercarpet"
          }
        ],
        "scattergeo": [
          {
            "marker": {
              "colorbar": {
                "outlinewidth": 0,
                "ticks": ""
              }
            },
            "type": "scattergeo"
          }
        ],
        "scattergl": [
          {
            "marker": {
              "colorbar": {
                "outlinewidth": 0,
                "ticks": ""
              }
            },
            "type": "scattergl"
          }
        ],
        "scattermapbox": [
          {
            "marker": {
              "colorbar": {
                "outlinewidth": 0,
                "ticks": ""
              }
            },
            "type": "scattermapbox"
          }
        ],
        "scatterpolar": [
          {
            "marker": {
              "colorbar": {
                "outlinewidth": 0,
                "ticks": ""
              }
            },
            "type": "scatterpolar"
          }
        ],
        "scatterpolargl": [
          {
            "marker": {
              "colorbar": {
                "outlinewidth": 0,
                "ticks": ""
              }
            },
            "type": "scatterpolargl"
          }
        ],
        "scatterternary": [
          {
            "marker": {
              "colorbar": {
                "outlinewidth": 0,
                "ticks": ""
              }
            },
            "type": "scatterternary"
          }
        ],
        "surface": [
          {
            "colorbar": {
              "outlinewidth": 0,
              "ticks": ""
            },
            "colorscale": [
              [
                0.0,
                "#0d0887"
              ],
              [
                0.1111111111111111,
                "#46039f"
              ],
              [
                0.2222222222222222,
                "#7201a8"
              ],
              [
                0.3333333333333333,
                "#9c179e"
              ],
              [
                0.4444444444444444,
                "#bd3786"
              ],
              [
                0.5555555555555556,
                "#d8576b"
              ],
              [
                0.6666666666666666,
                "#ed7953"
              ],
              [
                0.7777777777777778,
                "#fb9f3a"
              ],
              [
                0.8888888888888888,
                "#fdca26"
              ],
              [
                1.0,
                "#f0f921"
              ]
            ],
            "type": "surface"
          }
        ],
        "table": [
          {
            "cells": {
              "fill": {
                "color": "#EBF0F8"
              },
              "line": {
                "color": "white"
              }
            },
            "header": {
              "fill": {
                "color": "#C8D4E3"
              },
              "line": {
                "color": "white"
              }
            },
            "type": "table"
          }
        ]
      },
      "layout": {
        "annotationdefaults": {
          "arrowcolor": "#2a3f5f",
          "arrowhead": 0,
          "arrowwidth": 1
        },
        "autotypenumbers": "strict",
        "coloraxis": {
          "colorbar": {
            "outlinewidth": 0,
            "ticks": ""
          }
        },
        "colorscale": {
          "diverging": [
            [
              0,
              "#8e0152"
            ],
            [
              0.1,
              "#c51b7d"
            ],
            [
              0.2,
              "#de77ae"
            ],
            [
              0.3,
              "#f1b6da"
            ],
            [
              0.4,
              "#fde0ef"
            ],
            [
              0.5,
              "#f7f7f7"
            ],
            [
              0.6,
              "#e6f5d0"
            ],
            [
              0.7,
              "#b8e186"
            ],
            [
              0.8,
              "#7fbc41"
            ],
            [
              0.9,
              "#4d9221"
            ],
            [
              1,
              "#276419"
            ]
          ],
          "sequential": [
            [
              0.0,
              "#0d0887"
            ],
            [
              0.1111111111111111,
              "#46039f"
            ],
            [
              0.2222222222222222,
              "#7201a8"
            ],
            [
              0.3333333333333333,
              "#9c179e"
            ],
            [
              0.4444444444444444,
              "#bd3786"
            ],
            [
              0.5555555555555556,
              "#d8576b"
            ],
            [
              0.6666666666666666,
              "#ed7953"
            ],
            [
              0.7777777777777778,
              "#fb9f3a"
            ],
            [
              0.8888888888888888,
              "#fdca26"
            ],
            [
              1.0,
              "#f0f921"
            ]
          ],
          "sequentialminus": [
            [
              0.0,
              "#0d0887"
            ],
            [
              0.1111111111111111,
              "#46039f"
            ],
            [
              0.2222222222222222,
              "#7201a8"
            ],
            [
              0.3333333333333333,
              "#9c179e"
            ],
            [
              0.4444444444444444,
              "#bd3786"
            ],
            [
              0.5555555555555556,
              "#d8576b"
            ],
            [
              0.6666666666666666,
              "#ed7953"
            ],
            [
              0.7777777777777778,
              "#fb9f3a"
            ],
            [
              0.8888888888888888,
              "#fdca26"
            ],
            [
              1.0,
              "#f0f921"
            ]
          ]
        },
        "colorway": [
          "#636efa",
          "#EF553B",
          "#00cc96",
          "#ab63fa",
          "#FFA15A",
          "#19d3f3",
          "#FF6692",
          "#B6E880",
          "#FF97FF",
          "#FECB52"
        ],
        "font": {
          "color": "#2a3f5f"
        },
        "geo": {
          "bgcolor": "white",
          "lakecolor": "white",
          "landcolor": "#E5ECF6",
          "showlakes": true,
          "showland": true,
          "subunitcolor": "white"
        },
        "hoverlabel": {
          "align": "left"
        },
        "hovermode": "closest",
        "mapbox": {
          "style": "light"
        },
        "paper_bgcolor": "white",
        "plot_bgcolor": "#E5ECF6",
        "polar": {
          "angularaxis": {
            "gridcolor": "white",
            "linecolor": "white",
            "ticks": ""
          },
          "bgcolor": "#E5ECF6",
          "radialaxis": {
            "gridcolor": "white",
            "linecolor": "white",
            "ticks": ""
          }
        },
        "scene": {
          "xaxis": {
            "backgroundcolor": "#E5ECF6",
            "gridcolor": "white",
            "gridwidth": 2,
            "linecolor": "white",
            "showbackground": true,
            "ticks": "",
            "zerolinecolor": "white"
          },
          "yaxis": {
            "backgroundcolor": "#E5ECF6",
            "gridcolor": "white",
            "gridwidth": 2,
            "linecolor": "white",
            "showbackground": true,
            "ticks": "",
            "zerolinecolor": "white"
          },
          "zaxis": {
            "backgroundcolor": "#E5ECF6",
            "gridcolor": "white",
            "gridwidth": 2,
            "linecolor": "white",
            "showbackground": true,
            "ticks": "",
            "zerolinecolor": "white"
          }
        },
        "shapedefaults": {
          "line": {
            "color": "#2a3f5f"
          }
        },
        "ternary": {
          "aaxis": {
            "gridcolor": "white",
            "linecolor": "white",
            "ticks": ""
          },
          "baxis": {
            "gridcolor": "white",
            "linecolor": "white",
            "ticks": ""
          },
          "bgcolor": "#E5ECF6",
          "caxis": {
            "gridcolor": "white",
            "linecolor": "white",
            "ticks": ""
          }
        },
        "title": {
          "x": 0.05
        },
        "xaxis": {
          "automargin": true,
          "gridcolor": "white",
          "linecolor": "white",
          "ticks": "",
          "title": {
            "standoff": 15
          },
          "zerolinecolor": "white",
          "zerolinewidth": 2
        },
        "yaxis": {
          "automargin": true,
          "gridcolor": "white",
          "linecolor": "white",
          "ticks": "",
          "title": {
            "standoff": 15
          },
          "zerolinecolor": "white",
          "zerolinewidth": 2
        }
      }
    },
    "xaxis": {
      "anchor": "y",
      "domain": [
        0.0,
        0.3
      ],
      "showticklabels": false
    },
    "xaxis2": {
      "anchor": "y2",
      "domain": [
        0.35,
        0.6499999999999999
      ],
      "showticklabels": false
    },
    "xaxis3": {
      "anchor": "y3",
      "domain": [
        0.7,
        1.0
      ],
      "showticklabels": false
    },
    "yaxis": {
      "anchor": "x",
      "autorange": "reversed",
      "domain": [
        0.0,
        1.0
      ],
      "showticklabels": false
    },
    "yaxis2": {
      "anchor": "x2",
      "autorange": "reversed",
      "domain": [
        0.0,
        1.0
      ],
      "showticklabels": false
    },
    "yaxis3": {
      "anchor": "x3",
      "autorange": "reversed",
      "domain": [
        0.0,
        1.0
      ],
      "showticklabels": false
    }
  }
}